$TYPE vec
$XDIM 800
$YDIM 1
$VEC_DIM 2
0.0 0.0 1
0.1 -0.1 2
0.2 -0.2 3
0.3 -0.3 4
0.4 -0.4 5
0.5 -0.5 6
0.6 -0.6 7
0.7 -0.7 8
0.8 -0.8 9
0.9 -0.9 10
1.0 -1.0 11
0.1 0.1 12
0.2 0.0 13
0.3 -0.1 14
0.4 -0.2 15
0.5 -0.3 16
0.6 -0.4 17
0.7 -0.5 18
0.8 -0.6 19
0.9 -0.7 20
1.0 -0.8 21
1.1 -0.9 22
0.2 0.2 23
0.3 0.1 24
0.4 0.0 25
0.5 -0.1 26
0.6 -0.2 27
0.7 -0.3 28
0.8 -0.4 29
0.9 -0.5 30
1.0 -0.6 31
1.1 -0.7 32
1.2 -0.8 33
0.3 0.3 34
0.4 0.2 35
0.5 0.1 36
0.6 0.0 37
0.7 -0.1 38
0.8 -0.2 39
0.9 -0.3 40
1.0 -0.4 41
1.1 -0.5 42
1.2 -0.6 43
1.3 -0.7 44
0.4 0.4 45
0.5 0.3 46
0.6 0.2 47
0.7 0.1 48
0.8 0.0 49
0.9 -0.1 50
1.0 -0.2 51
1.1 -0.3 52
1.2 -0.4 53
1.3 -0.5 54
1.4 -0.6 55
0.5 0.5 56
0.6 0.4 57
0.7 0.3 58
0.8 0.2 59
0.9 0.1 60
1.0 0.0 61
1.1 -0.1 62
1.2 -0.2 63
1.3 -0.3 64
1.4 -0.4 65
1.5 -0.5 66
0.6 0.6 67
0.7 0.5 68
0.8 0.4 69
0.9 0.3 70
1.0 0.2 71
1.1 0.1 72
1.2 0.0 73
1.3 -0.1 74
1.4 -0.2 75
1.5 -0.3 76
1.6 -0.4 77
0.7 0.7 78
0.8 0.6 79
0.9 0.5 80
1.0 0.4 81
1.1 0.3 82
1.2 0.2 83
1.3 0.1 84
1.4 0.0 85
1.5 -0.1 86
1.6 -0.2 87
1.7 -0.3 88
0.8 0.8 89
0.9 0.7 90
1.0 0.6 91
1.1 0.5 92
1.2 0.4 93
1.3 0.3 94
1.4 0.2 95
1.5 0.1 96
1.6 0.0 97
1.7 -0.1 98
1.8 -0.2 99
0.9 0.9 100
1.0 0.8 101
1.1 0.7 102
1.2 0.6 103
1.3 0.5 104
1.4 0.4 105
1.5 0.3 106
1.6 0.2 107
1.7 0.1 108
1.8 0.0 109
1.9 -0.1 110
1.0 1.0 111
1.1 0.9 112
1.2 0.8 113
1.3 0.7 114
1.4 0.6 115
1.5 0.5 116
1.6 0.4 117
1.7 0.3 118
1.8 0.2 119
1.9 0.1 120
2.0 0.0 121
0.265107 -0.128992 122
1.557467 -0.396474 123
1.52641 -0.271604 124
1.107686 0.245652 125
0.695961 -0.610393 126
1.037322 0.791371 127
0.224731 -0.180042 128
0.771115 -0.637663 129
1.056659 -0.46218 130
1.690666 -0.270622 131
0.180777 -0.036863 132
0.65051 -0.136421 133
0.492933 0.26136 134
0.893797 -0.859765 135
1.821036 0.093296 136
1.242952 -0.70559 137
0.854639 0.648296 138
1.432244 0.209916 139
0.949382 0.879438 140
1.663758 -0.241367 141
1.376285 -0.250125 142
0.813344 0.270215 143
1.510183 -0.296802 144
0.572125 0.560099 145
1.161885 0.084911 146
0.854425 0.423521 147
1.431459 -0.127281 148
0.94789 -0.101034 149
0.9618 -0.746511 150
1.777433 0.20838 151
1.023917 -0.05908 152
0.912018 0.903901 153
0.878748 -0.653858 154
0.931269 0.436686 155
1.502629 0.171687 156
0.342548 0.124786 157
0.302577 0.190296 158
1.000463 0.652692 159
0.488955 0.050091 160
0.943884 0.440126 161
0.611217 -0.423593 162
0.443179 0.198084 163
0.724292 0.62161 164
0.992151 -0.269601 165
1.106272 -0.108561 166
0.678637 0.524368 167
1.06104 0.146657 168
1.49142 0.497287 169
0.997325 -0.245438 170
1.320587 0.499692 171
0.848266 0.356663 172
1.678349 -0.059541 173
0.914774 -0.29108 174
1.034869 -0.290679 175
1.075801 0.237908 176
0.94301 0.022146 177
1.775762 -0.102411 178
1.160141 0.17461 179
1.400917 0.436043 180
1.042589 -0.479164 181
1.467247 0.147473 182
1.374194 -0.529918 183
0.731071 0.629231 184
1.394098 -0.0703 185
1.5299 0.344513 186
1.30349 0.640155 187
0.645369 0.629674 188
0.482559 -0.11257 189
1.178962 -0.80848 190
1.117039 0.203908 191
0.749177 0.127407 192
1.58325 -0.27799 193
1.338762 0.366518 194
1.04004 0.588902 195
0.841599 -0.233431 196
0.552561 0.336476 197
0.911021 0.673821 198
0.703316 0.410075 199
1.041359 0.756345 200
1.421715 0.3478 201
1.026358 0.480983 202
0.964612 -0.808336 203
0.234238 -0.13874 204
0.287398 0.258791 205
0.492555 0.273141 206
0.983836 -0.855575 207
1.511837 0.071676 208
1.378887 0.219567 209
1.186726 -0.635659 210
0.263186 0.093099 211
0.307809 -0.218814 212
0.266297 0.016253 213
1.598802 0.118724 214
1.243589 -0.684193 215
1.361639 0.324897 216
0.479347 0.114051 217
1.812634 0.021236 218
1.273038 0.40824 219
1.429716 -0.383796 220
0.960245 0.768455 221
1.248831 0.700274 222
1.040149 0.505094 223
1.139803 0.56955 224
0.792018 0.597071 225
1.629657 -0.234071 226
1.353563 -0.300808 227
0.012576 -0.009423 228
1.497507 -0.052104 229
1.714172 -0.24505 230
1.052005 0.734785 231
1.180727 -0.527694 232
0.515031 0.504969 233
0.801003 -0.102383 234
0.755063 -0.564759 235
1.575371 0.26553 236
1.238326 -0.754891 237
1.731866 -0.169388 238
0.80666 0.43857 239
1.771463 0.174233 240
0.984289 0.968012 241
0.278801 0.071375 242
1.184539 0.369007 243
1.10555 -0.852265 244
0.181669 -0.165231 245
1.032604 0.555642 246
0.975554 -0.712834 247
0.944411 -0.741957 248
1.037707 0.702893 249
1.099205 0.74524 250
1.544776 -0.425607 251
1.345067 -0.569814 252
1.117072 0.301035 253
0.706024 0.205411 254
1.195957 0.526967 255
1.378489 -0.219258 256
0.877512 0.02624 257
1.605244 -0.211454 258
1.508727 -0.262151 259
1.14607 -0.411195 260
0.972369 -0.780041 261
1.289155 0.289145 262
1.078862 0.910614 263
0.224546 -0.083506 264
0.76132 -0.467345 265
0.92981 0.59332 266
0.660435 -0.57892 267
1.563167 -0.277107 268
0.596559 0.236656 269
0.603124 -0.355257 270
1.306702 -0.298627 271
0.802159 -0.174838 272
1.215736 -0.414727 273
0.344939 0.231997 274
1.314365 0.52366 275
1.629165 -0.283693 276
0.833363 -0.127844 277
1.132074 0.389947 278
1.223355 0.073262 279
0.973843 -0.913905 280
1.758228 -0.220818 281
0.859428 -0.329957 282
1.922112 0.025778 283
0.89795 0.54219 284
0.860508 -0.196126 285
1.21275 0.319596 286
1.271415 -0.273116 287
0.623502 0.281538 288
1.565949 -0.304895 289
0.328551 -0.296743 290
1.413467 -0.125752 291
1.294532 -0.26912 292
1.65193 0.300545 293
0.523694 -0.08052 294
0.160974 -0.031194 295
1.227737 -0.096469 296
0.652158 -0.033792 297
0.99683 -0.833129 298
0.260121 -0.181942 299
0.587383 -0.464448 300
1.279932 -0.705124 301
1.033078 -0.662914 302
0.967656 -0.793741 303
0.653891 0.004379 304
0.223835 -0.124222 305
0.941282 -0.297308 306
0.826856 -0.737013 307
0.761489 0.397509 308
0.529632 -0.435496 309
0.685737 -0.49226 310
0.687836 -0.442509 311
1.146852 -0.04869 312
1.078216 0.415259 313
1.020959 0.484167 314
1.175035 0.558088 315
1.2638 -0.112769 316
0.866962 -0.754303 317
1.310262 -0.042763 318
0.980217 -0.688875 319
1.321525 -0.276044 320
1.784607 -0.137957 321
0.99674 -0.970124 322
0.356985 0.354868 323
0.822657 -0.24653 324
0.897489 -0.359019 325
1.066591 0.845363 326
1.640398 0.2373 327
0.916524 -0.116933 328
0.943226 0.926283 329
1.024795 0.537431 330
1.072524 0.642227 331
1.466406 -0.317049 332
0.87813 -0.063929 333
0.944096 0.848191 334
1.360932 0.194805 335
0.779512 0.082003 336
0.386684 0.296434 337
1.046817 0.800625 338
1.543187 0.260087 339
1.046719 0.608442 340
0.67967 -0.367557 341
1.106631 0.05022 342
1.145771 -0.440987 343
1.250661 -0.090771 344
1.268813 0.587846 345
1.200524 0.581028 346
0.77293 0.744287 347
0.827231 0.053824 348
0.833833 -0.137113 349
0.133221 0.007552 350
1.129626 0.574021 351
0.692178 -0.227654 352
1.561345 0.036471 353
0.778483 -0.271307 354
0.097388 -0.038653 355
1.771008 0.17116 356
1.19428 0.278754 357
0.816224 0.541137 358
0.64371 0.119081 359
0.090758 -0.036852 360
0.757696 0.06155 361
0.90747 -0.070899 362
0.897919 -0.164906 363
1.011464 0.4364 364
1.373441 -0.359257 365
0.852565 -0.276537 366
1.166123 -0.619336 367
1.441417 0.140058 368
1.522636 0.177036 369
0.767322 0.238763 370
1.74981 -0.15205 371
0.985927 -0.266608 372
1.337446 -0.068635 373
0.815181 -0.029063 374
0.895797 0.203999 375
0.460571 0.440187 376
1.008018 0.100489 377
1.50381 0.19425 378
0.431251 -0.23231 379
0.257091 -0.064681 380
1.202355 0.029568 381
0.667754 -0.079414 382
0.853636 0.404794 383
0.877614 0.034894 384
1.3963 -0.0552 385
0.947081 -0.737122 386
0.923537 0.223868 387
0.52754 -0.525519 388
0.832873 0.632885 389
1.431789 -0.440382 390
1.219218 -0.237035 391
0.694053 -0.330994 392
0.971528 -0.299914 393
0.974552 -0.517834 394
0.735793 -0.139819 395
0.838165 -0.264123 396
0.813556 -0.060711 397
0.526388 0.383962 398
1.208786 -0.447784 399
0.989821 -0.482685 400
2.09 0.0 401
2.19 -0.1 402
2.29 -0.2 403
2.39 -0.3 404
2.49 -0.4 405
2.59 -0.5 406
2.69 -0.6 407
2.79 -0.7 408
2.89 -0.8 409
2.99 -0.9 410
3.09 -1.0 411
2.19 0.1 412
2.29 0.0 413
2.39 -0.1 414
2.49 -0.2 415
2.59 -0.3 416
2.69 -0.4 417
2.79 -0.5 418
2.89 -0.6 419
2.99 -0.7 420
3.09 -0.8 421
3.19 -0.9 422
2.29 0.2 423
2.39 0.1 424
2.49 0.0 425
2.59 -0.1 426
2.69 -0.2 427
2.79 -0.3 428
2.89 -0.4 429
2.99 -0.5 430
3.09 -0.6 431
3.19 -0.7 432
3.29 -0.8 433
2.39 0.3 434
2.49 0.2 435
2.59 0.1 436
2.69 0.0 437
2.79 -0.1 438
2.89 -0.2 439
2.99 -0.3 440
3.09 -0.4 441
3.19 -0.5 442
3.29 -0.6 443
3.39 -0.7 444
2.49 0.4 445
2.59 0.3 446
2.69 0.2 447
2.79 0.1 448
2.89 0.0 449
2.99 -0.1 450
3.09 -0.2 451
3.19 -0.3 452
3.29 -0.4 453
3.39 -0.5 454
3.49 -0.6 455
2.59 0.5 456
2.69 0.4 457
2.79 0.3 458
2.89 0.2 459
2.99 0.1 460
3.09 0.0 461
3.19 -0.1 462
3.29 -0.2 463
3.39 -0.3 464
3.49 -0.4 465
3.59 -0.5 466
2.69 0.6 467
2.79 0.5 468
2.89 0.4 469
2.99 0.3 470
3.09 0.2 471
3.19 0.1 472
3.29 0.0 473
3.39 -0.1 474
3.49 -0.2 475
3.59 -0.3 476
3.69 -0.4 477
2.79 0.7 478
2.89 0.6 479
2.99 0.5 480
3.09 0.4 481
3.19 0.3 482
3.29 0.2 483
3.39 0.1 484
3.49 0.0 485
3.59 -0.1 486
3.69 -0.2 487
3.79 -0.3 488
2.89 0.8 489
2.99 0.7 490
3.09 0.6 491
3.19 0.5 492
3.29 0.4 493
3.39 0.3 494
3.49 0.2 495
3.59 0.1 496
3.69 0.0 497
3.79 -0.1 498
3.89 -0.2 499
2.99 0.9 500
3.09 0.8 501
3.19 0.7 502
3.29 0.6 503
3.39 0.5 504
3.49 0.4 505
3.59 0.3 506
3.69 0.2 507
3.79 0.1 508
3.89 0.0 509
3.99 -0.1 510
3.09 1.0 511
3.19 0.9 512
3.29 0.8 513
3.39 0.7 514
3.49 0.6 515
3.59 0.5 516
3.69 0.4 517
3.79 0.3 518
3.89 0.2 519
3.99 0.1 520
4.09 0.0 521
3.51954 -0.119345 522
2.374273 -0.028208 523
3.292245 0.299344 524
2.41817 0.10067 525
3.45222 -0.265944 526
2.700263 0.256702 527
2.726241 -0.529684 528
2.536058 -0.043137 529
3.42971 0.417151 530
3.342534 0.721377 531
3.172654 -0.281723 532
3.227348 0.295396 533
3.667755 -0.0873 534
3.843901 0.132083 535
2.451113 0.068037 536
2.549669 -0.383913 537
3.156164 -0.493165 538
3.105059 -0.210148 539
3.045077 -0.036893 540
3.477867 0.316429 541
2.375441 7.36E-4 542
3.12893 0.906185 543
3.266116 0.516756 544
3.459468 -0.18615 545
3.687809 0.252926 546
2.323142 -0.097899 547
2.684677 0.41182 548
3.425833 -0.379765 549
2.722896 -0.592728 550
3.423396 -0.262699 551
2.546153 0.022948 552
3.4582 0.291015 553
3.428052 0.168621 554
3.087719 0.067646 555
2.626066 0.045085 556
3.361937 0.123508 557
3.106806 0.862794 558
3.163921 0.624165 559
3.616134 -0.043657 560
3.449242 -0.529294 561
3.181101 -0.771404 562
2.745257 -0.044229 563
3.195356 -0.674086 564
3.340737 -0.372645 565
3.484357 0.084585 566
2.695228 0.361206 567
3.775432 0.281348 568
3.549736 -0.015858 569
2.349235 0.201033 570
2.709704 -0.572616 571
3.344825 0.252829 572
3.064478 0.181618 573
3.206149 -0.869395 574
3.357819 0.700384 575
3.124562 0.923628 576
2.700528 0.306528 577
2.631474 -0.394062 578
2.861064 -0.711316 579
2.978491 -0.409914 580
3.498936 -0.044652 581
3.251058 0.128711 582
3.701348 0.075478 583
3.244044 -0.759285 584
3.230737 0.571905 585
2.962958 0.050245 586
2.862427 -0.667883 587
2.82563 0.372081 588
2.760205 -0.251737 589
3.595542 0.106886 590
2.655526 0.456154 591
3.760093 -0.155661 592
2.685806 -0.407952 593
3.236031 -0.233174 594
2.930155 0.680852 595
3.382295 0.402205 596
3.020512 0.205053 597
3.136717 -0.293497 598
2.21937 -0.04119 599
2.834351 -0.703131 600
2.796589 -0.389893 601
2.685062 -0.104108 602
2.86684 0.749955 603
3.32067 -0.723781 604
3.306928 0.559748 605
2.819647 -0.311242 606
3.459211 0.509252 607
3.514136 -0.024932 608
2.890075 -0.787091 609
3.369225 -0.250031 610
3.076573 0.499226 611
2.719126 0.126166 612
3.023687 0.069785 613
2.859546 -0.57904 614
3.092512 -0.356185 615
2.499111 0.033916 616
2.543162 -0.170761 617
3.141444 -0.237642 618
3.327752 -0.059118 619
3.158975 0.120871 620
3.043552 0.544838 621
3.827671 0.137 622
3.165211 -0.554177 623
3.181477 0.765595 624
3.077561 -0.310125 625
2.750886 -0.522613 626
2.675039 0.390957 627
2.654013 -0.36025 628
2.223664 -0.025097 629
2.958174 -0.308708 630
3.068847 0.494087 631
2.887021 0.416844 632
3.695181 -0.387416 633
2.452252 -0.200835 634
3.251348 -0.383812 635
3.705808 -0.153117 636
3.727616 -0.014965 637
2.657452 -0.109286 638
3.325152 -0.075135 639
2.596409 0.205137 640
3.449021 0.39971 641
3.09329 -0.91409 642
2.346635 0.247319 643
3.59252 -0.365369 644
2.970123 -0.517915 645
3.271988 -0.783163 646
3.111682 0.494066 647
2.513701 -0.284243 648
3.40139 0.25472 649
3.590771 -0.090841 650
2.712935 -0.24584 651
3.066954 -0.89939 652
3.84829 0.099254 653
3.906167 0.100311 654
3.464376 -0.458656 655
3.406401 0.072656 656
3.122689 0.10736 657
3.872681 0.157283 658
2.898706 0.584455 659
3.762428 0.009651 660
3.025365 0.368024 661
3.519233 -0.456011 662
3.464632 -0.62014 663
3.014639 -0.282632 664
3.158506 0.038863 665
3.484129 0.187876 666
3.330162 0.449004 667
2.810232 0.302003 668
3.415319 -0.313161 669
3.031757 -0.682968 670
2.623861 -0.24139 671
3.038574 -0.420508 672
3.342363 -0.633252 673
3.537529 0.034315 674
2.819394 -0.25386 675
3.714438 -0.208708 676
3.929749 -0.068321 677
2.901614 0.284528 678
3.509548 0.175928 679
3.400512 0.345666 680
2.905942 0.618706 681
2.803601 0.474186 682
3.412111 0.16065 683
3.283769 0.12712 684
3.909387 0.125217 685
3.561629 0.384502 686
3.770941 0.26238 687
2.825513 -0.431286 688
3.096799 -0.04312 689
3.356263 -0.652695 690
2.595402 0.488732 691
2.797942 -0.532766 692
2.506702 -0.075294 693
3.050727 -0.901068 694
3.90498 -0.094955 695
3.11617 -0.930548 696
3.23069 0.270994 697
2.868031 0.406679 698
3.267703 -0.617881 699
2.734795 0.55002 700
2.860483 0.438465 701
2.237065 -0.075429 702
2.791407 0.648026 703
2.733681 -0.377135 704
3.707096 0.091949 705
2.751437 -0.367587 706
2.488473 -0.063774 707
2.764199 -0.49745 708
3.045051 0.466043 709
2.684156 -0.383856 710
3.250963 -0.08294 711
3.022727 0.448189 712
3.417359 0.191263 713
3.259683 -0.351261 714
3.248019 0.598209 715
2.882598 0.485408 716
2.614349 0.206852 717
3.192613 -0.034584 718
2.403669 -0.276716 719
3.560975 0.444308 720
3.269035 0.314706 721
2.880027 -0.468333 722
3.008873 0.813216 723
2.824175 -0.290687 724
2.591161 -0.14935 725
2.215916 0.110223 726
2.905297 0.310479 727
2.996787 0.86588 728
2.537784 0.362992 729
3.049248 -0.801123 730
3.231372 0.622878 731
2.76393 -0.422555 732
3.62062 0.348386 733
2.695157 -0.571714 734
2.755708 -0.13205 735
3.204445 -0.361398 736
2.810512 -0.489381 737
3.107432 0.926971 738
3.168783 0.822319 739
2.645504 -0.397287 740
3.151335 0.367834 741
3.098758 0.342487 742
2.278082 -0.123518 743
3.770792 -0.23021 744
3.329016 -0.215785 745
2.52173 -0.416336 746
3.719436 0.354691 747
3.30268 0.724218 748
3.774463 0.017994 749
2.110676 0.014818 750
3.475743 0.522655 751
2.826288 0.543641 752
3.074356 0.468851 753
3.083438 0.767312 754
2.310412 -0.117722 755
3.615342 -0.031145 756
3.422167 0.22525 757
2.33365 0.218367 758
3.120858 -0.161844 759
3.332451 -0.353651 760
2.840027 0.335754 761
3.176129 -0.034655 762
3.313318 -0.714357 763
3.333464 0.748882 764
2.849405 -0.16074 765
3.313532 -0.176246 766
3.595581 -0.366489 767
3.151904 0.883057 768
2.694513 -0.169238 769
3.106128 -0.756463 770
2.767178 0.306303 771
3.338755 -0.70663 772
3.568751 0.158443 773
2.250148 -0.054477 774
3.040809 0.331598 775
2.985391 0.521251 776
2.856318 0.007455 777
3.529293 0.116655 778
2.912369 -0.77844 779
3.356683 0.067142 780
2.725639 0.090994 781
2.888543 -0.537293 782
3.25379 0.112614 783
2.773867 0.482674 784
3.33192 -0.133927 785
2.798209 0.362752 786
3.015733 -0.629272 787
2.106497 0.016466 788
3.564843 0.377424 789
3.748745 -0.162874 790
2.579996 -0.23221 791
2.807919 0.272392 792
3.665388 0.053042 793
3.199627 -0.739985 794
2.78964 0.033159 795
3.716809 -0.21419 796
2.452936 0.320436 797
2.514635 0.37655 798
3.738552 -0.172199 799
2.455385 0.037355 800
