$TYPE vec
$XDIM 101
$YDIM 1
$VEC_DIM 20
1.0 0.0 0.0 1.0 0.0 0.0 1.0 1.0 1.0 1.0 0.0 0.0 0.0 1.0 0.0 0.0 0.0 0.0 0.0 1.0 aardvark
1.0 0.0 0.0 1.0 0.0 0.0 0.0 1.0 1.0 1.0 0.0 0.0 0.0 1.0 0.0 0.0 0.0 1.0 0.0 1.0 antelope
0.0 0.0 1.0 1.0 0.0 1.0 1.0 1.0 1.0 0.0 0.0 1.0 0.0 0.0 0.0 0.0 0.0 1.0 0.0 0.0 bass
1.0 0.0 0.0 1.0 0.0 0.0 1.0 1.0 1.0 1.0 0.0 0.0 0.0 1.0 0.0 0.0 0.0 0.0 0.0 1.0 bear
1.0 0.0 0.0 1.0 0.0 0.0 1.0 1.0 1.0 1.0 0.0 0.0 0.0 1.0 0.0 0.0 0.0 1.0 0.0 1.0 boar
1.0 0.0 0.0 1.0 0.0 0.0 0.0 1.0 1.0 1.0 0.0 0.0 0.0 1.0 0.0 0.0 0.0 1.0 0.0 1.0 buffalo
1.0 0.0 0.0 1.0 0.0 0.0 0.0 1.0 1.0 1.0 0.0 0.0 0.0 1.0 0.0 0.0 0.0 1.0 1.0 1.0 calf
0.0 0.0 1.0 0.0 0.0 1.0 0.0 1.0 1.0 0.0 0.0 1.0 0.0 0.0 0.0 0.0 0.0 1.0 1.0 0.0 carp
0.0 0.0 1.0 0.0 0.0 1.0 1.0 1.0 1.0 0.0 0.0 1.0 0.0 0.0 0.0 0.0 0.0 1.0 0.0 0.0 catfish
1.0 0.0 0.0 1.0 0.0 0.0 0.0 1.0 1.0 1.0 0.0 0.0 0.0 1.0 0.0 0.0 0.0 0.0 1.0 0.0 cavy
1.0 0.0 0.0 1.0 0.0 0.0 1.0 1.0 1.0 1.0 0.0 0.0 0.0 1.0 0.0 0.0 0.0 1.0 0.0 1.0 cheetah
0.0 1.0 1.0 0.0 1.0 0.0 0.0 0.0 1.0 1.0 0.0 0.0 1.0 0.0 0.0 0.0 0.0 1.0 1.0 0.0 chicken
0.0 0.0 1.0 0.0 0.0 1.0 1.0 1.0 1.0 0.0 0.0 1.0 0.0 0.0 0.0 0.0 0.0 1.0 0.0 0.0 chub
0.0 0.0 1.0 0.0 0.0 0.0 1.0 0.0 0.0 0.0 0.0 0.0 0.0 0.0 0.0 0.0 0.0 0.0 0.0 0.0 clam
0.0 0.0 1.0 0.0 0.0 1.0 1.0 0.0 0.0 0.0 0.0 0.0 0.0 1.0 0.0 0.0 0.0 0.0 0.0 0.0 crab
0.0 0.0 1.0 0.0 0.0 1.0 1.0 0.0 0.0 0.0 0.0 0.0 0.0 0.0 0.0 1.0 0.0 0.0 0.0 0.0 crayfish
0.0 1.0 1.0 0.0 1.0 0.0 1.0 0.0 1.0 1.0 0.0 0.0 1.0 0.0 0.0 0.0 0.0 1.0 0.0 0.0 crow
1.0 0.0 0.0 1.0 0.0 0.0 0.0 1.0 1.0 1.0 0.0 0.0 0.0 1.0 0.0 0.0 0.0 1.0 0.0 1.0 deer
0.0 0.0 1.0 0.0 0.0 1.0 1.0 1.0 1.0 0.0 0.0 1.0 0.0 0.0 0.0 0.0 0.0 1.0 0.0 1.0 dogfish
0.0 0.0 0.0 1.0 0.0 1.0 1.0 1.0 1.0 1.0 0.0 1.0 0.0 0.0 0.0 0.0 0.0 1.0 0.0 1.0 dolphin
0.0 1.0 1.0 0.0 1.0 0.0 0.0 0.0 1.0 1.0 0.0 0.0 1.0 0.0 0.0 0.0 0.0 1.0 1.0 0.0 dove
0.0 1.0 1.0 0.0 1.0 1.0 0.0 0.0 1.0 1.0 0.0 0.0 1.0 0.0 0.0 0.0 0.0 1.0 0.0 0.0 duck
1.0 0.0 0.0 1.0 0.0 0.0 0.0 1.0 1.0 1.0 0.0 0.0 0.0 1.0 0.0 0.0 0.0 1.0 0.0 1.0 elephant
0.0 1.0 1.0 0.0 1.0 0.0 0.0 0.0 1.0 1.0 0.0 0.0 1.0 0.0 0.0 0.0 0.0 1.0 0.0 1.0 flamingo
0.0 0.0 1.0 0.0 0.0 0.0 0.0 0.0 0.0 1.0 0.0 0.0 0.0 0.0 0.0 1.0 0.0 0.0 0.0 0.0 flea
0.0 0.0 1.0 0.0 0.0 1.0 1.0 1.0 1.0 1.0 0.0 0.0 0.0 1.0 0.0 0.0 0.0 0.0 0.0 0.0 frog
0.0 0.0 1.0 0.0 0.0 1.0 1.0 1.0 1.0 1.0 1.0 0.0 0.0 1.0 0.0 0.0 0.0 0.0 0.0 0.0 venomous_frog
1.0 0.0 0.0 1.0 1.0 0.0 0.0 1.0 1.0 1.0 0.0 0.0 1.0 0.0 0.0 0.0 0.0 1.0 0.0 0.0 fruitbat
1.0 0.0 0.0 1.0 0.0 0.0 0.0 1.0 1.0 1.0 0.0 0.0 0.0 1.0 0.0 0.0 0.0 1.0 0.0 1.0 giraffe
1.0 0.0 0.0 1.0 0.0 0.0 1.0 1.0 1.0 1.0 0.0 0.0 1.0 0.0 0.0 0.0 0.0 0.0 1.0 1.0 girl
0.0 0.0 1.0 0.0 1.0 0.0 0.0 0.0 0.0 1.0 0.0 0.0 0.0 0.0 0.0 1.0 0.0 0.0 0.0 0.0 gnat
1.0 0.0 0.0 1.0 0.0 0.0 0.0 1.0 1.0 1.0 0.0 0.0 0.0 1.0 0.0 0.0 0.0 1.0 1.0 1.0 goat
1.0 0.0 0.0 1.0 0.0 0.0 0.0 1.0 1.0 1.0 0.0 0.0 1.0 0.0 0.0 0.0 0.0 0.0 0.0 1.0 gorilla
0.0 1.0 1.0 0.0 1.0 1.0 1.0 0.0 1.0 1.0 0.0 0.0 1.0 0.0 0.0 0.0 0.0 1.0 0.0 0.0 gull
0.0 0.0 1.0 0.0 0.0 1.0 0.0 1.0 1.0 0.0 0.0 1.0 0.0 0.0 0.0 0.0 0.0 1.0 0.0 0.0 haddock
1.0 0.0 0.0 1.0 0.0 0.0 0.0 1.0 1.0 1.0 0.0 0.0 0.0 1.0 0.0 0.0 0.0 1.0 1.0 0.0 hamster
1.0 0.0 0.0 1.0 0.0 0.0 0.0 1.0 1.0 1.0 0.0 0.0 0.0 1.0 0.0 0.0 0.0 1.0 0.0 0.0 hare
0.0 1.0 1.0 0.0 1.0 0.0 1.0 0.0 1.0 1.0 0.0 0.0 1.0 0.0 0.0 0.0 0.0 1.0 0.0 0.0 hawk
0.0 0.0 1.0 0.0 0.0 1.0 1.0 1.0 1.0 0.0 0.0 1.0 0.0 0.0 0.0 0.0 0.0 1.0 0.0 0.0 herring
1.0 0.0 1.0 0.0 1.0 0.0 0.0 0.0 0.0 1.0 1.0 0.0 0.0 0.0 0.0 1.0 0.0 0.0 1.0 0.0 honeybee
1.0 0.0 1.0 0.0 1.0 0.0 0.0 0.0 0.0 1.0 0.0 0.0 0.0 0.0 0.0 1.0 0.0 0.0 0.0 0.0 housefly
0.0 1.0 1.0 0.0 0.0 0.0 1.0 0.0 1.0 1.0 0.0 0.0 1.0 0.0 0.0 0.0 0.0 1.0 0.0 0.0 kiwi
0.0 0.0 1.0 0.0 1.0 0.0 1.0 0.0 0.0 1.0 0.0 0.0 0.0 0.0 0.0 1.0 0.0 0.0 0.0 0.0 ladybird
0.0 1.0 1.0 0.0 1.0 0.0 0.0 0.0 1.0 1.0 0.0 0.0 1.0 0.0 0.0 0.0 0.0 1.0 0.0 0.0 lark
1.0 0.0 0.0 1.0 0.0 0.0 1.0 1.0 1.0 1.0 0.0 0.0 0.0 1.0 0.0 0.0 0.0 1.0 0.0 1.0 leopard
1.0 0.0 0.0 1.0 0.0 0.0 1.0 1.0 1.0 1.0 0.0 0.0 0.0 1.0 0.0 0.0 0.0 1.0 0.0 1.0 lion
0.0 0.0 1.0 0.0 0.0 1.0 1.0 0.0 0.0 0.0 0.0 0.0 0.0 0.0 0.0 1.0 0.0 0.0 0.0 0.0 lobster
1.0 0.0 0.0 1.0 0.0 0.0 1.0 1.0 1.0 1.0 0.0 0.0 0.0 1.0 0.0 0.0 0.0 1.0 0.0 1.0 lynx
1.0 0.0 0.0 1.0 0.0 1.0 1.0 1.0 1.0 1.0 0.0 0.0 0.0 1.0 0.0 0.0 0.0 1.0 0.0 1.0 mink
1.0 0.0 0.0 1.0 0.0 0.0 1.0 1.0 1.0 1.0 0.0 0.0 0.0 1.0 0.0 0.0 0.0 1.0 0.0 0.0 mole
1.0 0.0 0.0 1.0 0.0 0.0 1.0 1.0 1.0 1.0 0.0 0.0 0.0 1.0 0.0 0.0 0.0 1.0 0.0 1.0 mongoose
1.0 0.0 1.0 0.0 1.0 0.0 0.0 0.0 0.0 1.0 0.0 0.0 0.0 0.0 0.0 1.0 0.0 0.0 0.0 0.0 moth
0.0 0.0 1.0 0.0 0.0 1.0 1.0 1.0 1.0 1.0 0.0 0.0 0.0 1.0 0.0 0.0 0.0 1.0 0.0 0.0 newt
0.0 0.0 1.0 0.0 0.0 1.0 1.0 0.0 0.0 0.0 0.0 0.0 0.0 0.0 0.0 0.0 1.0 0.0 0.0 1.0 octopus
1.0 0.0 0.0 1.0 0.0 0.0 1.0 1.0 1.0 1.0 0.0 0.0 0.0 1.0 0.0 0.0 0.0 1.0 0.0 0.0 opossum
1.0 0.0 0.0 1.0 0.0 0.0 0.0 1.0 1.0 1.0 0.0 0.0 0.0 1.0 0.0 0.0 0.0 1.0 0.0 1.0 oryx
0.0 1.0 1.0 0.0 0.0 0.0 0.0 0.0 1.0 1.0 0.0 0.0 1.0 0.0 0.0 0.0 0.0 1.0 0.0 1.0 ostrich
0.0 1.0 1.0 0.0 1.0 0.0 0.0 0.0 1.0 1.0 0.0 0.0 1.0 0.0 0.0 0.0 0.0 1.0 1.0 0.0 parakeet
0.0 1.0 1.0 0.0 0.0 1.0 1.0 0.0 1.0 1.0 0.0 0.0 1.0 0.0 0.0 0.0 0.0 1.0 0.0 1.0 penguin
0.0 1.0 1.0 0.0 1.0 0.0 0.0 0.0 1.0 1.0 0.0 0.0 1.0 0.0 0.0 0.0 0.0 1.0 0.0 0.0 pheasant
0.0 0.0 1.0 0.0 0.0 1.0 1.0 1.0 1.0 0.0 0.0 1.0 0.0 0.0 0.0 0.0 0.0 1.0 0.0 1.0 pike
0.0 0.0 1.0 0.0 0.0 1.0 1.0 1.0 1.0 0.0 0.0 1.0 0.0 0.0 0.0 0.0 0.0 1.0 0.0 0.0 piranha
0.0 0.0 1.0 0.0 0.0 0.0 1.0 1.0 1.0 1.0 1.0 0.0 0.0 0.0 0.0 0.0 0.0 1.0 0.0 0.0 pitviper
1.0 0.0 1.0 1.0 0.0 1.0 1.0 0.0 1.0 1.0 0.0 0.0 0.0 1.0 0.0 0.0 0.0 1.0 0.0 1.0 platypus
1.0 0.0 0.0 1.0 0.0 0.0 1.0 1.0 1.0 1.0 0.0 0.0 0.0 1.0 0.0 0.0 0.0 1.0 0.0 1.0 polecat
1.0 0.0 0.0 1.0 0.0 0.0 0.0 1.0 1.0 1.0 0.0 0.0 0.0 1.0 0.0 0.0 0.0 1.0 1.0 1.0 pony
0.0 0.0 0.0 1.0 0.0 1.0 1.0 1.0 1.0 1.0 0.0 1.0 0.0 0.0 0.0 0.0 0.0 1.0 0.0 1.0 porpoise
1.0 0.0 0.0 1.0 0.0 0.0 1.0 1.0 1.0 1.0 0.0 0.0 0.0 1.0 0.0 0.0 0.0 1.0 0.0 1.0 puma
1.0 0.0 0.0 1.0 0.0 0.0 1.0 1.0 1.0 1.0 0.0 0.0 0.0 1.0 0.0 0.0 0.0 1.0 1.0 1.0 pussycat
1.0 0.0 0.0 1.0 0.0 0.0 1.0 1.0 1.0 1.0 0.0 0.0 0.0 1.0 0.0 0.0 0.0 1.0 0.0 1.0 raccoon
1.0 0.0 0.0 1.0 0.0 0.0 0.0 1.0 1.0 1.0 0.0 0.0 0.0 1.0 0.0 0.0 0.0 1.0 1.0 1.0 reindeer
0.0 1.0 1.0 0.0 0.0 0.0 1.0 0.0 1.0 1.0 0.0 0.0 1.0 0.0 0.0 0.0 0.0 1.0 0.0 1.0 rhea
0.0 0.0 0.0 0.0 0.0 0.0 1.0 0.0 0.0 1.0 1.0 0.0 0.0 0.0 0.0 0.0 1.0 1.0 0.0 0.0 scorpion
0.0 0.0 1.0 0.0 0.0 1.0 0.0 1.0 1.0 0.0 0.0 1.0 0.0 0.0 0.0 0.0 0.0 1.0 0.0 0.0 seahorse
1.0 0.0 0.0 1.0 0.0 1.0 1.0 1.0 1.0 1.0 0.0 1.0 0.0 0.0 0.0 0.0 0.0 0.0 0.0 1.0 seal
1.0 0.0 0.0 1.0 0.0 1.0 1.0 1.0 1.0 1.0 0.0 1.0 1.0 0.0 0.0 0.0 0.0 1.0 0.0 1.0 sealion
0.0 0.0 0.0 0.0 0.0 1.0 1.0 1.0 1.0 0.0 1.0 0.0 0.0 0.0 0.0 0.0 0.0 1.0 0.0 0.0 seasnake
0.0 0.0 1.0 0.0 0.0 1.0 1.0 0.0 0.0 0.0 1.0 0.0 0.0 0.0 0.0 0.0 0.0 0.0 0.0 0.0 seawasp
0.0 1.0 1.0 0.0 1.0 1.0 1.0 0.0 1.0 1.0 0.0 0.0 1.0 0.0 0.0 0.0 0.0 1.0 0.0 0.0 skimmer
0.0 1.0 1.0 0.0 1.0 1.0 1.0 0.0 1.0 1.0 0.0 0.0 1.0 0.0 0.0 0.0 0.0 1.0 0.0 0.0 skua
0.0 0.0 1.0 0.0 0.0 0.0 1.0 1.0 1.0 1.0 0.0 0.0 0.0 0.0 0.0 0.0 0.0 1.0 0.0 0.0 slowworm
0.0 0.0 1.0 0.0 0.0 0.0 0.0 0.0 0.0 1.0 0.0 0.0 0.0 0.0 0.0 0.0 0.0 0.0 0.0 0.0 slug
0.0 0.0 1.0 0.0 0.0 1.0 0.0 1.0 1.0 0.0 0.0 1.0 0.0 0.0 0.0 0.0 0.0 1.0 0.0 0.0 sole
0.0 1.0 1.0 0.0 1.0 0.0 0.0 0.0 1.0 1.0 0.0 0.0 1.0 0.0 0.0 0.0 0.0 1.0 0.0 0.0 sparrow
1.0 0.0 0.0 1.0 0.0 0.0 0.0 1.0 1.0 1.0 0.0 0.0 1.0 0.0 0.0 0.0 0.0 1.0 0.0 0.0 squirrel
0.0 0.0 1.0 0.0 0.0 1.0 1.0 0.0 0.0 0.0 0.0 0.0 0.0 0.0 1.0 0.0 0.0 0.0 0.0 0.0 starfish
0.0 0.0 1.0 0.0 0.0 1.0 1.0 1.0 1.0 0.0 1.0 1.0 0.0 0.0 0.0 0.0 0.0 1.0 0.0 1.0 stingray
0.0 1.0 1.0 0.0 1.0 1.0 0.0 0.0 1.0 1.0 0.0 0.0 1.0 0.0 0.0 0.0 0.0 1.0 0.0 1.0 swan
0.0 0.0 1.0 0.0 0.0 0.0 0.0 0.0 0.0 1.0 0.0 0.0 0.0 0.0 0.0 1.0 0.0 0.0 0.0 0.0 termite
0.0 0.0 1.0 0.0 0.0 1.0 0.0 1.0 1.0 1.0 0.0 0.0 0.0 1.0 0.0 0.0 0.0 0.0 0.0 0.0 toad
0.0 0.0 1.0 0.0 0.0 0.0 0.0 0.0 1.0 1.0 0.0 0.0 0.0 1.0 0.0 0.0 0.0 1.0 0.0 1.0 tortoise
0.0 0.0 1.0 0.0 0.0 0.0 1.0 1.0 1.0 1.0 0.0 0.0 0.0 1.0 0.0 0.0 0.0 1.0 0.0 0.0 tuatara
0.0 0.0 1.0 0.0 0.0 1.0 1.0 1.0 1.0 0.0 0.0 1.0 0.0 0.0 0.0 0.0 0.0 1.0 0.0 1.0 tuna
1.0 0.0 0.0 1.0 1.0 0.0 0.0 1.0 1.0 1.0 0.0 0.0 1.0 0.0 0.0 0.0 0.0 1.0 0.0 0.0 vampire
1.0 0.0 0.0 1.0 0.0 0.0 0.0 1.0 1.0 1.0 0.0 0.0 0.0 1.0 0.0 0.0 0.0 1.0 0.0 0.0 vole
0.0 1.0 1.0 0.0 1.0 0.0 1.0 0.0 1.0 1.0 0.0 0.0 1.0 0.0 0.0 0.0 0.0 1.0 0.0 1.0 vulture
1.0 0.0 0.0 1.0 0.0 0.0 0.0 1.0 1.0 1.0 0.0 0.0 1.0 0.0 0.0 0.0 0.0 1.0 0.0 1.0 wallaby
1.0 0.0 1.0 0.0 1.0 0.0 0.0 0.0 0.0 1.0 1.0 0.0 0.0 0.0 0.0 1.0 0.0 0.0 0.0 0.0 wasp
1.0 0.0 0.0 1.0 0.0 0.0 1.0 1.0 1.0 1.0 0.0 0.0 0.0 1.0 0.0 0.0 0.0 1.0 0.0 1.0 wolf
0.0 0.0 1.0 0.0 0.0 0.0 0.0 0.0 0.0 1.0 0.0 0.0 0.0 0.0 0.0 0.0 0.0 0.0 0.0 0.0 worm
0.0 1.0 1.0 0.0 1.0 0.0 0.0 0.0 1.0 1.0 0.0 0.0 1.0 0.0 0.0 0.0 0.0 1.0 0.0 0.0 wren