$TYPE vec
$XDIM 1695
$YDIM 1
$VEC_DIM 10
-0.54445 -0.79266 -1.2923 0 0 0 0 0 0 0 1
-0.98709 -0.67704 -0.95934 0 0 0 0 0 0 0 2
-0.515 -1.3789 -1.1195 0 0 0 0 0 0 0 3
-1.1175 -1.924 -0.73177 0 0 0 0 0 0 0 4
-0.40411 -0.73145 -0.89506 0 0 0 0 0 0 0 5
-1.9193 -0.69962 -0.91758 0 0 0 0 0 0 0 6
-0.7691 -0.3884 -1.6356 0 0 0 0 0 0 0 7
-1.2467 -0.73258 -0.21466 0 0 0 0 0 0 0 8
-1.2199 0.14284 -0.15809 0 0 0 0 0 0 0 9
-1.1099 -0.59759 -1.4436 0 0 0 0 0 0 0 10
-0.53985 -0.85559 -0.76234 0 0 0 0 0 0 0 11
-1.1817 -1.5157 -0.78573 0 0 0 0 0 0 0 12
-0.84877 -0.67098 -1.3342 0 0 0 0 0 0 0 13
-0.74195 -0.52059 -1.0802 0 0 0 0 0 0 0 14
-0.77114 -0.84346 -0.39687 0 0 0 0 0 0 0 15
-0.28394 -0.89934 0.34762 0 0 0 0 0 0 0 16
-1.0583 -0.7276 -0.72139 0 0 0 0 0 0 0 17
-0.8598 -0.42632 -0.66066 0 0 0 0 0 0 0 18
-1.3153 -0.72914 -0.77832 0 0 0 0 0 0 0 19
-1.1526 -0.46467 -1.6149 0 0 0 0 0 0 0 20
-1.6135 -1.37 -1.6392 0 0 0 0 0 0 0 21
-0.89942 -1.3173 -1.9712 0 0 0 0 0 0 0 22
-0.80602 -1.6135 -1.0016 0 0 0 0 0 0 0 23
-1.2284 -1.046 -0.48221 0 0 0 0 0 0 0 24
-0.2392 -0.79741 -0.96982 0 0 0 0 0 0 0 25
-0.79088 -1.4284 -0.90553 0 0 0 0 0 0 0 26
-0.73143 -0.89895 -0.6947 0 0 0 0 0 0 0 27
-1.7636 -0.58837 -1.0314 0 0 0 0 0 0 0 28
-0.77541 -0.94548 -1.2437 0 0 0 0 0 0 0 29
-1.9711 -0.5593 -0.42616 0 0 0 0 0 0 0 30
-1.2667 -0.60703 -0.77805 0 0 0 0 0 0 0 31
-0.84791 -0.41152 -0.38641 0 0 0 0 0 0 0 32
-0.89875 -0.66113 -1.5605 0 0 0 0 0 0 0 33
-1.0424 -0.29402 0.031769 0 0 0 0 0 0 0 34
-0.63898 -0.72065 -0.54806 0 0 0 0 0 0 0 35
-1.2727 -0.7319 -1.8006 0 0 0 0 0 0 0 36
-0.54566 -1.1457 -0.81251 0 0 0 0 0 0 0 37
-0.98211 -1.6212 -1.4477 0 0 0 0 0 0 0 38
-0.95241 -0.7101 -1.2365 0 0 0 0 0 0 0 39
-1.1903 -0.29768 -0.71908 0 0 0 0 0 0 0 40
-0.32382 -0.7115 -0.40293 0 0 0 0 0 0 0 41
-1.0281 -0.48129 -0.10012 0 0 0 0 0 0 0 42
-0.70135 -1.3494 -1.0972 0 0 0 0 0 0 0 43
-1.5815 -0.84535 -1.3665 0 0 0 0 0 0 0 44
-0.38836 -0.26643 -1.8334 0 0 0 0 0 0 0 45
-1.3723 -0.3597 -1.8401 0 0 0 0 0 0 0 46
-0.35358 -1.2737 -1.6191 0 0 0 0 0 0 0 47
-0.96336 -0.87509 -0.15436 0 0 0 0 0 0 0 48
-1.0306 -0.764 -0.84366 0 0 0 0 0 0 0 49
-0.95223 -0.28307 -0.17144 0 0 0 0 0 0 0 50
-0.60651 -1.3418 -0.94632 0 0 0 0 0 0 0 51
-0.9966 -1.0452 -1.6805 0 0 0 0 0 0 0 52
-1.5467 -0.84903 -0.46339 0 0 0 0 0 0 0 53
-0.82326 -1.0918 -0.86301 0 0 0 0 0 0 0 54
-1.4798 -1.8942 -1.2037 0 0 0 0 0 0 0 55
-0.92467 -1.1636 -0.79407 0 0 0 0 0 0 0 56
-0.26887 -0.99043 -1.5752 0 0 0 0 0 0 0 57
-0.5909 -0.79786 -0.4753 0 0 0 0 0 0 0 58
-1.4481 -1.154 -0.9936 0 0 0 0 0 0 0 59
-1.1924 -1.0657 -0.39298 0 0 0 0 0 0 0 60
-1.0596 -1.7237 -0.99698 0 0 0 0 0 0 0 61
-1.0379 -0.39105 -0.6826 0 0 0 0 0 0 0 62
-1.0145 -1.0657 -0.59637 0 0 0 0 0 0 0 63
-0.67776 -0.69947 -0.81385 0 0 0 0 0 0 0 64
-0.87353 -0.78892 -0.92231 0 0 0 0 0 0 0 65
0.057373 -1.644 -0.62236 0 0 0 0 0 0 0 66
-0.48358 -0.26461 -0.84127 0 0 0 0 0 0 0 67
-2.109 -1.529 -1.7736 0 0 0 0 0 0 0 68
-1.1333 0.10692 -1.19 0 0 0 0 0 0 0 69
-0.37752 -1.6415 -1.323 0 0 0 0 0 0 0 70
-0.66096 -1.1389 -1.2797 0 0 0 0 0 0 0 71
-1.5272 -0.81898 -1.315 0 0 0 0 0 0 0 72
-0.64648 0.050036 -0.097627 0 0 0 0 0 0 0 73
-1.2436 -1.6322 -0.79498 0 0 0 0 0 0 0 74
-0.61304 -1.4557 -0.65184 0 0 0 0 0 0 0 75
-0.99116 -0.15827 -0.22571 0 0 0 0 0 0 0 76
-0.56533 -1.2868 -0.92735 0 0 0 0 0 0 0 77
-0.27249 -1.0203 -1.1827 0 0 0 0 0 0 0 78
-0.87605 -0.62777 -1.0507 0 0 0 0 0 0 0 79
-1.0169 -0.91051 -1.4366 0 0 0 0 0 0 0 80
-0.072952 -1.2655 -1.2874 0 0 0 0 0 0 0 81
-0.7899 -1.1645 -1.9801 0 0 0 0 0 0 0 82
-0.27727 -0.76604 -1.0868 0 0 0 0 0 0 0 83
-0.92497 -0.78657 -0.45491 0 0 0 0 0 0 0 84
-1.2818 -0.70654 -1.2529 0 0 0 0 0 0 0 85
-1.5193 -1.3437 -1.0704 0 0 0 0 0 0 0 86
-0.18389 -2.1176 -0.39145 0 0 0 0 0 0 0 87
-1.103 -0.7269 -0.33807 0 0 0 0 0 0 0 88
-0.46153 -0.50321 -1.4084 0 0 0 0 0 0 0 89
-1.3324 -0.8666 -1.122 0 0 0 0 0 0 0 90
-0.31433 -1.0962 -0.84484 0 0 0 0 0 0 0 91
-1.3552 -0.18917 -1.8252 0 0 0 0 0 0 0 92
-1.207 -0.25411 0.34856 0 0 0 0 0 0 0 93
-0.92495 -1.3234 -0.55729 0 0 0 0 0 0 0 94
-1.5737 -0.60322 -1.5393 0 0 0 0 0 0 0 95
-1.1723 -1.1339 -0.95578 0 0 0 0 0 0 0 96
-0.87992 -0.57754 -0.76707 0 0 0 0 0 0 0 97
-0.66389 -0.94893 -0.33262 0 0 0 0 0 0 0 98
-0.11619 -0.2989 -0.73541 0 0 0 0 0 0 0 99
-0.11763 -0.48489 -2.0699 0 0 0 0 0 0 0 100
-0.51662 -0.62701 -1.1758 0 0 0 0 0 0 0 101
-0.27147 -0.84613 -0.55903 0 0 0 0 0 0 0 102
-0.93101 -0.67568 -1.7223 0 0 0 0 0 0 0 103
-0.51665 -0.45944 -1.239 0 0 0 0 0 0 0 104
-0.68941 -0.78875 -1.153 0 0 0 0 0 0 0 105
-0.37366 -0.73156 -0.80308 0 0 0 0 0 0 0 106
-1.5585 -1.1503 -0.00033152 0 0 0 0 0 0 0 107
-1.4544 -0.89351 -1.5026 0 0 0 0 0 0 0 108
-0.99099 -1.3941 -0.87109 0 0 0 0 0 0 0 109
-0.66998 -0.66723 -1.1113 0 0 0 0 0 0 0 110
-1.0319 -1.2052 -1.034 0 0 0 0 0 0 0 111
-0.1489 -0.53371 -1.2209 0 0 0 0 0 0 0 112
-0.39734 -1.3189 -2.1811 0 0 0 0 0 0 0 113
-1.4927 -0.35593 -0.23886 0 0 0 0 0 0 0 114
-0.65081 -0.30476 -1.1754 0 0 0 0 0 0 0 115
-1.41 -1.5727 -0.87065 0 0 0 0 0 0 0 116
-1.3798 -0.77249 -0.6808 0 0 0 0 0 0 0 117
-1.4133 -1.0056 -1.1379 0 0 0 0 0 0 0 118
-0.62617 -0.48419 -0.6508 0 0 0 0 0 0 0 119
-0.45897 -1.0361 -1.5638 0 0 0 0 0 0 0 120
-1.1683 -1.1669 -1.3589 0 0 0 0 0 0 0 121
-1.6492 -0.45791 -1.0821 0 0 0 0 0 0 0 122
-0.94638 -0.86039 -0.96931 0 0 0 0 0 0 0 123
-1.1552 -1.5798 -1.29 0 0 0 0 0 0 0 124
-1.1919 -0.90369 -0.99809 0 0 0 0 0 0 0 125
-1.1823 -0.73851 -1.0184 0 0 0 0 0 0 0 126
-0.52322 -0.81928 -1.0159 0 0 0 0 0 0 0 127
-0.48742 -0.40205 -1.9818 0 0 0 0 0 0 0 128
-0.8061 -1.3316 -1.5281 0 0 0 0 0 0 0 129
-0.67888 -0.52083 -0.77197 0 0 0 0 0 0 0 130
-1.0262 -1.157 -0.74307 0 0 0 0 0 0 0 131
-1.0758 -1.2831 -0.41893 0 0 0 0 0 0 0 132
-0.16561 -0.9738 -0.64978 0 0 0 0 0 0 0 133
-1.1581 -1.3063 -0.58249 0 0 0 0 0 0 0 134
-1.5248 -0.085284 -0.45127 0 0 0 0 0 0 0 135
-0.86148 -0.70674 -1.2822 0 0 0 0 0 0 0 136
-1.1727 -1.2872 -0.44535 0 0 0 0 0 0 0 137
-0.69712 -0.43854 -0.92758 0 0 0 0 0 0 0 138
-1.3355 -0.81365 -0.90812 0 0 0 0 0 0 0 139
-0.978 -0.53368 -1.1003 0 0 0 0 0 0 0 140
-0.80937 -0.67513 -0.904 0 0 0 0 0 0 0 141
-1.7628 -1.2343 -0.96348 0 0 0 0 0 0 0 142
-0.38413 -0.65456 -0.97298 0 0 0 0 0 0 0 143
-1.1628 -1.2854 -0.88173 0 0 0 0 0 0 0 144
-1.2912 -0.84014 -0.53533 0 0 0 0 0 0 0 145
-0.97966 0.13209 -0.90245 0 0 0 0 0 0 0 146
-0.58025 -2.0825 -0.33892 0 0 0 0 0 0 0 147
-0.52728 -1.5266 -1.6541 0 0 0 0 0 0 0 148
-1.7277 -1.2474 -0.59558 0 0 0 0 0 0 0 149
-1.0886 -1.0083 -1.0543 0 0 0 0 0 0 0 150
-1.0405 -0.83326 -0.07931 0 0 0 0 0 0 0 151
-0.20183 -0.72318 -0.52482 0 0 0 0 0 0 0 152
-0.78196 -1.7097 -1.1925 0 0 0 0 0 0 0 153
-0.96846 -0.60326 -0.19347 0 0 0 0 0 0 0 154
-0.76265 -0.50796 -0.69565 0 0 0 0 0 0 0 155
-0.89341 -1.1563 -1.575 0 0 0 0 0 0 0 156
-0.44706 -1.062 -0.27565 0 0 0 0 0 0 0 157
-0.75779 -0.60308 -1.0938 0 0 0 0 0 0 0 158
-0.48297 -1.6026 -0.49306 0 0 0 0 0 0 0 159
-0.92082 -0.74737 -1.1212 0 0 0 0 0 0 0 160
-1.1923 -0.53841 -1.092 0 0 0 0 0 0 0 161
-0.52859 -0.48287 -0.85632 0 0 0 0 0 0 0 162
-1.4799 -1.3827 -0.55082 0 0 0 0 0 0 0 163
-0.65978 -0.46008 -1.1633 0 0 0 0 0 0 0 164
-0.65316 -0.84363 -1.1399 0 0 0 0 0 0 0 165
-0.96065 -0.80039 -0.65403 0 0 0 0 0 0 0 166
-1.1458 -1.8104 -1.3386 0 0 0 0 0 0 0 167
-0.30286 -1.862 -0.30194 0 0 0 0 0 0 0 168
-0.53625 -1.1596 -0.16366 0 0 0 0 0 0 0 169
0.58175 1.3012 0.88726 0 0 0 0 0 0 0 170
0.39988 1.6313 0.83726 0 0 0 0 0 0 0 171
0.66369 1.5224 1.0904 0 0 0 0 0 0 0 172
0.79333 0.93334 0.90862 0 0 0 0 0 0 0 173
0.58991 1.2842 0.85765 0 0 0 0 0 0 0 174
0.48123 1.3262 1.1007 0 0 0 0 0 0 0 175
0.42805 1.4234 0.78701 0 0 0 0 0 0 0 176
0.6386 1.4801 0.89665 0 0 0 0 0 0 0 177
0.80144 1.5433 0.79859 0 0 0 0 0 0 0 178
0.69125 1.2501 0.83603 0 0 0 0 0 0 0 179
0.44869 1.4857 0.81028 0 0 0 0 0 0 0 180
0.61374 1.3451 0.897 0 0 0 0 0 0 0 181
0.444 1.4602 1.0728 0 0 0 0 0 0 0 182
0.30332 1.4336 0.78445 0 0 0 0 0 0 0 183
0.44667 1.1655 0.82196 0 0 0 0 0 0 0 184
0.63728 1.3632 0.72539 0 0 0 0 0 0 0 185
0.67911 1.0821 1.0249 0 0 0 0 0 0 0 186
0.57303 1.1351 1.1166 0 0 0 0 0 0 0 187
0.8333 1.4566 0.64066 0 0 0 0 0 0 0 188
0.37052 1.2095 0.93844 0 0 0 0 0 0 0 189
0.65227 1.4315 0.94615 0 0 0 0 0 0 0 190
0.56985 1.6172 0.67934 0 0 0 0 0 0 0 191
0.58631 1.6075 1.3108 0 0 0 0 0 0 0 192
0.4658 1.2386 0.77864 0 0 0 0 0 0 0 193
0.66873 1.4473 0.56136 0 0 0 0 0 0 0 194
0.36978 1.453 0.83885 0 0 0 0 0 0 0 195
0.54943 1.3744 0.76596 0 0 0 0 0 0 0 196
0.91052 1.5625 0.74203 0 0 0 0 0 0 0 197
0.68393 1.3772 1.156 0 0 0 0 0 0 0 198
0.52135 1.1593 1.0051 0 0 0 0 0 0 0 199
0.61757 1.3713 1.1575 0 0 0 0 0 0 0 200
0.54312 1.8884 0.85729 0 0 0 0 0 0 0 201
0.65087 1.5614 0.9507 0 0 0 0 0 0 0 202
0.4188 1.4431 1.1944 0 0 0 0 0 0 0 203
0.41991 1.4867 0.56328 0 0 0 0 0 0 0 204
0.64002 1.4726 1.204 0 0 0 0 0 0 0 205
0.52671 1.7287 0.75217 0 0 0 0 0 0 0 206
0.68298 1.5425 0.84919 0 0 0 0 0 0 0 207
0.43904 1.267 0.91675 0 0 0 0 0 0 0 208
0.78661 1.5197 0.78773 0 0 0 0 0 0 0 209
0.58082 1.548 0.79605 0 0 0 0 0 0 0 210
0.23719 1.5007 0.82554 0 0 0 0 0 0 0 211
0.52476 1.5395 0.80266 0 0 0 0 0 0 0 212
0.76399 1.3865 0.9407 0 0 0 0 0 0 0 213
0.55268 1.3584 1.0074 0 0 0 0 0 0 0 214
0.66334 1.6858 0.83703 0 0 0 0 0 0 0 215
0.57033 1.6431 0.91992 0 0 0 0 0 0 0 216
0.61735 1.3189 1.0899 0 0 0 0 0 0 0 217
0.72726 1.1907 0.80821 0 0 0 0 0 0 0 218
0.67113 1.3664 0.79832 0 0 0 0 0 0 0 219
0.54968 1.5731 0.9627 0 0 0 0 0 0 0 220
0.76479 1.4879 0.85217 0 0 0 0 0 0 0 221
0.38776 1.3159 1.1189 0 0 0 0 0 0 0 222
0.50663 1.4553 0.90322 0 0 0 0 0 0 0 223
0.58557 1.4411 0.8214 0 0 0 0 0 0 0 224
0.9434 1.3109 1.0214 0 0 0 0 0 0 0 225
0.53676 0.47285 0.49423 0 0 0 0 0 0 0 226
0.57798 0.40024 0.93075 0 0 0 0 0 0 0 227
0.59357 0.30836 0.88772 0 0 0 0 0 0 0 228
0.67173 0.51907 1.163 0 0 0 0 0 0 0 229
0.72154 0.4709 0.9401 0 0 0 0 0 0 0 230
0.46747 0.49273 1.0568 0 0 0 0 0 0 0 231
0.92776 0.26105 0.9073 0 0 0 0 0 0 0 232
0.76712 0.48854 0.80923 0 0 0 0 0 0 0 233
0.50837 0.36869 1.1616 0 0 0 0 0 0 0 234
0.62519 0.45216 0.81464 0 0 0 0 0 0 0 235
0.54063 0.098953 0.53454 0 0 0 0 0 0 0 236
0.79395 0.27453 1.1746 0 0 0 0 0 0 0 237
0.63709 0.35388 1.0946 0 0 0 0 0 0 0 238
0.69371 0.5085 1.0578 0 0 0 0 0 0 0 239
0.77924 0.16407 0.93999 0 0 0 0 0 0 0 240
0.49926 0.67576 1.086 0 0 0 0 0 0 0 241
0.56785 0.37826 1.038 0 0 0 0 0 0 0 242
0.68276 0.30381 0.84109 0 0 0 0 0 0 0 243
0.69026 0.26284 0.82243 0 0 0 0 0 0 0 244
0.75386 0.62851 0.80813 0 0 0 0 0 0 0 245
0.63623 0.31858 0.88638 0 0 0 0 0 0 0 246
0.8523 0.30417 0.95269 0 0 0 0 0 0 0 247
0.38334 0.39127 1.0456 0 0 0 0 0 0 0 248
0.55023 0.47527 0.96824 0 0 0 0 0 0 0 249
0.67589 0.198 0.80536 0 0 0 0 0 0 0 250
0.66596 0.26586 0.7398 0 0 0 0 0 0 0 251
0.67417 0.18853 1.1073 0 0 0 0 0 0 0 252
0.8227 0.43717 0.97172 0 0 0 0 0 0 0 253
0.63715 0.21085 0.7871 0 0 0 0 0 0 0 254
0.35335 0.25182 0.93689 0 0 0 0 0 0 0 255
0.66703 0.31528 0.81626 0 0 0 0 0 0 0 256
0.63508 0.18755 0.91269 0 0 0 0 0 0 0 257
0.79774 0.42524 0.81527 0 0 0 0 0 0 0 258
0.58676 0.5744 1.1887 0 0 0 0 0 0 0 259
0.66615 -0.14386 0.94172 0 0 0 0 0 0 0 260
0.42924 0.4002 0.98119 0 0 0 0 0 0 0 261
0.74755 0.3048 0.8541 0 0 0 0 0 0 0 262
0.4061 0.50618 0.80759 0 0 0 0 0 0 0 263
0.61046 0.44128 1.0644 0 0 0 0 0 0 0 264
0.55993 0.15909 0.78176 0 0 0 0 0 0 0 265
0.65546 0.46474 0.72186 0 0 0 0 0 0 0 266
0.31714 0.32508 1.1678 0 0 0 0 0 0 0 267
0.83018 0.15802 1.1425 0 0 0 0 0 0 0 268
0.63624 0.52444 1.1115 0 0 0 0 0 0 0 269
0.77999 0.40069 0.81416 0 0 0 0 0 0 0 270
0.48589 0.39849 1.0122 0 0 0 0 0 0 0 271
0.51999 0.60084 1.0796 0 0 0 0 0 0 0 272
0.65716 0.52519 0.94505 0 0 0 0 0 0 0 273
0.5762 0.22852 0.94491 0 0 0 0 0 0 0 274
0.55904 0.36694 0.76271 0 0 0 0 0 0 0 275
0.56074 0.3047 0.84319 0 0 0 0 0 0 0 276
0.61479 0.4042 0.55662 0 0 0 0 0 0 0 277
0.58986 0.69735 1.0248 0 0 0 0 0 0 0 278
0.39285 0.316 0.7721 0 0 0 0 0 0 0 279
0.45638 0.24544 0.96723 0 0 0 0 0 0 0 280
0.79774 0.35446 0.88846 0 0 0 0 0 0 0 281
1.3182 0.77983 1.0484 0 0 0 0 0 0 0 282
1.3256 1.1187 0.7401 0 0 0 0 0 0 0 283
1.5011 0.82144 0.84972 0 0 0 0 0 0 0 284
1.3779 0.81652 1.2558 0 0 0 0 0 0 0 285
1.4484 0.78332 0.88878 0 0 0 0 0 0 0 286
1.5575 0.86138 0.93833 0 0 0 0 0 0 0 287
1.4776 1.0445 1.1559 0 0 0 0 0 0 0 288
1.0549 0.9411 0.83713 0 0 0 0 0 0 0 289
1.3711 0.78869 0.8693 0 0 0 0 0 0 0 290
1.8867 1.0713 0.60402 0 0 0 0 0 0 0 291
1.587 0.75764 0.73417 0 0 0 0 0 0 0 292
1.4994 1.1815 1.4721 0 0 0 0 0 0 0 293
1.46 0.80169 0.97163 0 0 0 0 0 0 0 294
1.6767 0.82192 0.79859 0 0 0 0 0 0 0 295
1.3834 1.102 0.97962 0 0 0 0 0 0 0 296
1.41 0.83822 1.1879 0 0 0 0 0 0 0 297
1.4363 0.87184 1.1169 0 0 0 0 0 0 0 298
1.3255 0.83979 1.1263 0 0 0 0 0 0 0 299
1.6332 0.8799 1.2381 0 0 0 0 0 0 0 300
1.4069 0.98316 0.92776 0 0 0 0 0 0 0 301
1.6396 0.68756 0.87421 0 0 0 0 0 0 0 302
1.464 0.67391 1.1549 0 0 0 0 0 0 0 303
1.1947 0.66739 0.9522 0 0 0 0 0 0 0 304
1.3319 1.0645 0.92196 0 0 0 0 0 0 0 305
1.5027 0.92287 0.81436 0 0 0 0 0 0 0 306
1.5831 0.85706 1.1764 0 0 0 0 0 0 0 307
1.3258 0.92396 0.9914 0 0 0 0 0 0 0 308
1.5374 0.65075 0.61545 0 0 0 0 0 0 0 309
1.6746 0.83075 0.97692 0 0 0 0 0 0 0 310
1.9045 0.68895 1.024 0 0 0 0 0 0 0 311
1.4245 0.84463 0.97471 0 0 0 0 0 0 0 312
1.4919 0.84683 0.99613 0 0 0 0 0 0 0 313
1.2959 0.79287 0.65559 0 0 0 0 0 0 0 314
1.4195 1.0265 1.0593 0 0 0 0 0 0 0 315
1.6305 0.96096 1.0937 0 0 0 0 0 0 0 316
1.1731 0.94516 0.96807 0 0 0 0 0 0 0 317
1.4556 0.76653 0.67228 0 0 0 0 0 0 0 318
1.7154 0.90006 0.72633 0 0 0 0 0 0 0 319
1.5574 0.97005 0.73075 0 0 0 0 0 0 0 320
1.4548 0.99901 0.81097 0 0 0 0 0 0 0 321
1.7823 0.81268 0.76795 0 0 0 0 0 0 0 322
1.457 0.76733 0.88321 0 0 0 0 0 0 0 323
1.3326 0.93019 0.87702 0 0 0 0 0 0 0 324
1.6329 0.9914 0.92712 0 0 0 0 0 0 0 325
1.2556 0.9107 1.1265 0 0 0 0 0 0 0 326
1.3232 0.83677 0.94533 0 0 0 0 0 0 0 327
1.4148 0.93971 0.99944 0 0 0 0 0 0 0 328
1.7157 0.82805 1.0712 0 0 0 0 0 0 0 329
1.4035 0.91786 1.1911 0 0 0 0 0 0 0 330
1.3388 1.026 1.1187 0 0 0 0 0 0 0 331
1.3526 0.89397 1.031 0 0 0 0 0 0 0 332
1.5234 0.73041 0.69879 0 0 0 0 0 0 0 333
1.4406 0.84318 1.0538 0 0 0 0 0 0 0 334
1.5 0.96165 0.93659 0 0 0 0 0 0 0 335
1.2117 0.7759 1.1352 0 0 0 0 0 0 0 336
1.4953 0.9243 1.0474 0 0 0 0 0 0 0 337
1.432 1.0739 0.86492 0 0 0 0 0 0 0 338
1.6894 0.89662 1.0711 0 0 0 0 0 0 0 339
19.5506 0.54968 -0.24218 0.039393 -1.0067 0 0 0 0 0 340
19.1319 -0.50831 -0.39198 0.26486 -1.423 0 0 0 0 0 341
18.22 0.064943 -0.48978 -1.7078 -0.24517 0 0 0 0 0 342
19.157 0.29916 -0.35282 -1.61 -0.59362 0 0 0 0 0 343
19.4183 0.41085 -0.1014 -1.0896 -1.0335 0 0 0 0 0 344
18.8985 -1.0664 -0.47961 0.3972 0.91538 0 0 0 0 0 345
19.7306 -1.9584 0.67614 -0.54074 1.1313 0 0 0 0 0 346
20.1187 -0.6668 -0.79507 0.40155 1.1503 0 0 0 0 0 347
18.5496 -1.0551 0.013218 -1.8026 -2.1318 0 0 0 0 0 348
19.6054 0.08305 0.15634 -0.30156 2.0222 0 0 0 0 0 349
20.2358 0.78557 -0.30369 0.7454 0.36506 0 0 0 0 0 350
19.9795 -2.4069 1.7127 -0.13931 0.067644 0 0 0 0 0 351
18.2136 -0.27733 0.78519 0.98925 -0.98923 0 0 0 0 0 352
18.8035 1.0622 -0.86152 -0.44566 -0.2374 0 0 0 0 0 353
19.1637 1.1363 -0.21043 0.44025 -0.21105 0 0 0 0 0 354
19.7049 0.18456 -0.40769 0.24766 -0.34363 0 0 0 0 0 355
20.1087 -1.452 0.38954 -1.2239 -0.58653 0 0 0 0 0 356
19.3118 -0.69869 0.063601 0.59988 -0.33246 0 0 0 0 0 357
18.1275 -1.231 -0.25132 -0.40341 -0.36492 0 0 0 0 0 358
19.0824 -0.61408 0.14056 1.0353 0.18501 0 0 0 0 0 359
20.9751 0.15555 -0.79151 -0.23508 -0.48098 0 0 0 0 0 360
19.189 -1.4728 -0.8393 -0.20126 -0.57277 0 0 0 0 0 361
18.62 -0.31588 -0.89047 -1.0324 -0.75277 0 0 0 0 0 362
19.3235 1.4251 1.1862 -0.1833 0.25954 0 0 0 0 0 363
19.8512 -0.64324 -1.8016 0.24809 -0.99424 0 0 0 0 0 364
20.7812 0.40626 -0.86157 0.028545 -0.93167 0 0 0 0 0 365
20.3357 0.69982 -0.58082 0.45395 -0.12927 0 0 0 0 0 366
20.3009 1.0173 0.30388 0.17079 -0.62399 0 0 0 0 0 367
19.9616 0.037742 -1.4158 -0.41085 -1.3367 0 0 0 0 0 368
20.8103 -1.4137 1.5265 -0.42198 -0.30048 0 0 0 0 0 369
19.0507 -0.14119 -1.4145 -0.72703 -0.45429 0 0 0 0 0 370
18.6255 0.093354 -1.4691 0.18248 -0.22527 0 0 0 0 0 371
19.6224 -1.1405 -0.92249 -1.0645 -0.087323 0 0 0 0 0 372
20.7518 0.25511 0.54918 -1.5632 -0.66751 0 0 0 0 0 373
20.5581 -1.2495 -1.0171 -0.84789 -0.018244 0 0 0 0 0 374
19.0452 0.61669 0.18979 -0.013136 -0.56871 0 0 0 0 0 375
20.1674 0.49626 -0.5733 -0.34975 -0.84143 0 0 0 0 0 376
19.7652 -0.7834 -0.21546 -0.4344 -0.10903 0 0 0 0 0 377
20.0789 0.31711 -0.26757 0.2494 -1.0531 0 0 0 0 0 378
20.1336 -2.5977 -0.15766 -0.65303 -1.3127 0 0 0 0 0 379
19.982 0.040351 1.0113 0.57524 -1.2211 0 0 0 0 0 380
19.8292 -0.50463 -1.3055 1.2678 -0.97772 0 0 0 0 0 381
19.9754 -2.0097 -0.081457 -0.61508 0.13248 0 0 0 0 0 382
19.8899 0.61358 -0.4574 -1.0029 0.12077 0 0 0 0 0 383
19.9504 -1.0666 -1.051 -0.67742 0.15658 0 0 0 0 0 384
20.0402 0.28614 0.26977 -0.88332 0.10013 0 0 0 0 0 385
18.9869 -0.58298 -0.8907 0.03997 -0.32321 0 0 0 0 0 386
20.5122 0.016025 -0.74401 -0.34835 0.3126 0 0 0 0 0 387
19.8653 -1.7091 -1.8045 -0.22768 -0.19193 0 0 0 0 0 388
18.7312 0.52666 0.013412 -0.63374 -0.88322 0 0 0 0 0 389
19.1109 -0.49283 -0.31121 -1.4703 -0.98413 0 0 0 0 0 390
19.6261 -0.55461 -0.57648 1.0693 -1.3071 0 0 0 0 0 391
19.823 -0.80777 -0.33935 0.89738 0.074638 0 0 0 0 0 392
19.8353 0.047696 -1.586 0.23411 -0.6847 0 0 0 0 0 393
20.9239 -1.4497 0.55254 -0.0015338 0.66108 0 0 0 0 0 394
18.6899 0.30805 -0.28746 -1.0191 -0.47698 0 0 0 0 0 395
20.3324 0.097493 -1.7475 -1.208 -0.96196 0 0 0 0 0 396
19.6689 0.22667 -0.45497 -0.59933 -0.69897 0 0 0 0 0 397
20.2482 0.71878 -0.33058 -0.26431 -0.88423 0 0 0 0 0 398
18.8302 1.2213 0.32064 -0.068166 0.068973 0 0 0 0 0 399
20.8581 -0.18211 0.39284 -1.1918 0.032538 0 0 0 0 0 400
20.2859 0.53902 0.26458 -0.18649 -0.73743 0 0 0 0 0 401
19.7617 -0.76836 0.36456 -0.56183 0.67251 0 0 0 0 0 402
20.4526 -1.2758 1.4037 -0.15941 -0.89309 0 0 0 0 0 403
19.1609 -0.35565 0.20887 -1.2358 0.14245 0 0 0 0 0 404
19.7207 0.14819 -1.66 0.30054 -0.88254 0 0 0 0 0 405
20.1121 -0.20196 -1.0498 -0.46891 0.7335 0 0 0 0 0 406
20.575 -0.32437 -0.26179 1.5599 0.45892 0 0 0 0 0 407
21.335 -0.35904 -1.4203 -0.40257 0.0066937 0 0 0 0 0 408
19.9732 0.40354 0.90491 -1.6745 -1.4816 0 0 0 0 0 409
20.4317 -0.72575 -0.11387 -1.0609 -0.032494 0 0 0 0 0 410
19.9653 -0.10943 0.15441 -1.1066 -0.76106 0 0 0 0 0 411
19.8561 0.13536 -0.61007 0.29149 0.69207 0 0 0 0 0 412
19.0475 -1.1277 -1.0917 0.90196 0.12427 0 0 0 0 0 413
19.3802 0.76334 -0.74681 0.36319 -1.7221 0 0 0 0 0 414
18.4856 0.91522 -1.8086 -0.21154 0.17836 0 0 0 0 0 415
19.5341 -2.0401 -0.11007 0.42454 0.84205 0 0 0 0 0 416
21.1565 -0.13236 -0.64705 -0.018527 -0.82086 0 0 0 0 0 417
19.8529 0.53534 0.38694 0.10654 -0.3019 0 0 0 0 0 418
20.2593 -0.0039171 -0.17981 0.62306 -2.8216 0 0 0 0 0 419
19.8627 -1.1054 -0.38391 -0.64088 -0.35916 0 0 0 0 0 420
20.4396 0.058638 -1.0005 -1.1642 1.7418 0 0 0 0 0 421
19.2697 -1.5897 -1.4733 0.12118 -0.53774 0 0 0 0 0 422
19.654 -0.6729 -0.45667 0.66161 0.73528 0 0 0 0 0 423
19.2467 -1.5072 -0.28757 -1.4778 -0.78336 0 0 0 0 0 424
19.7823 -0.31601 -0.4329 0.31946 0.14836 0 0 0 0 0 425
18.6054 -1.841 0.001549 -0.09374 -0.35372 0 0 0 0 0 426
20.2943 0.5522 -1.1564 -0.80979 1.774 0 0 0 0 0 427
20.5922 0.025462 0.93137 -0.89136 0.37822 0 0 0 0 0 428
19.8265 -0.46187 -0.25836 -0.85946 -0.35071 0 0 0 0 0 429
18.9115 -0.06044 -0.65881 -0.13772 0.28464 0 0 0 0 0 430
20.0454 -0.34797 -0.94786 -0.87346 -0.60341 0 0 0 0 0 431
18.9767 1.4177 0.52275 1.197 -0.16458 0 0 0 0 0 432
19.2019 -0.43008 -0.58572 -0.82304 0.24337 0 0 0 0 0 433
20.8579 -0.99942 -0.72999 -0.92603 -0.31374 0 0 0 0 0 434
20.1626 0.075834 -1.4011 0.22391 -1.1521 0 0 0 0 0 435
19.485 -0.69925 -1.1847 -0.41337 -0.16819 0 0 0 0 0 436
20.7627 0.80725 0.57916 0.16946 0.73622 0 0 0 0 0 437
19.2558 -0.79056 -1.8714 -0.86438 -1.2885 0 0 0 0 0 438
19.755 -0.36857 0.25462 -1.184 -1.6492 0 0 0 0 0 439
19.2473 -0.16899 0.64102 0.70458 -0.95967 0 0 0 0 0 440
20.4404 -1.3747 -0.21977 -0.84165 0.1499 0 0 0 0 0 441
19.1245 0.17714 0.44908 -0.35176 -1.12 0 0 0 0 0 442
19.4928 1.1267 -0.38775 -1.4954 -0.46151 0 0 0 0 0 443
19.0121 -0.27105 -0.47485 -0.19029 -0.20996 0 0 0 0 0 444
19.419 0.84964 -0.17559 -0.10528 0.61024 0 0 0 0 0 445
19.0801 0.28404 0.056898 0.25124 -1.5458 0 0 0 0 0 446
19.2239 1.2413 -0.68294 1.1636 0.37979 0 0 0 0 0 447
19.2375 -0.13071 0.19193 0.10242 -0.68399 0 0 0 0 0 448
20.686 0.19894 -0.081005 -1.6992 0.069689 0 0 0 0 0 449
19.8391 -0.23368 0.19312 -0.77109 -0.016882 0 0 0 0 0 450
18.6792 -0.94168 -0.15501 -1.0201 -0.3646 0 0 0 0 0 451
20.2242 -0.36466 -1.6227 -0.63781 0.42964 0 0 0 0 0 452
20.1272 -2.571 -1.5995 -2.0368 0.75438 0 0 0 0 0 453
20.1502 0.40436 -0.54199 0.25325 -1.2337 0 0 0 0 0 454
18.9438 -0.2201 -1.4995 0.66284 0.38276 0 0 0 0 0 455
20.6712 -0.69289 -0.97173 0.094403 0.61217 0 0 0 0 0 456
18.5925 -0.18107 0.57175 -1.9594 -0.36443 0 0 0 0 0 457
19.1968 -0.070458 -1.0748 0.16445 0.44719 0 0 0 0 0 458
20.7448 -0.9551 -0.74044 -1.1692 -1.1815 0 0 0 0 0 459
18.9482 -0.94973 -0.066512 -0.11463 0.12173 0 0 0 0 0 460
19.3642 -1.7564 -0.43286 2.0266 -1.6549 0 0 0 0 0 461
19.1578 -0.76423 -1.3506 -0.47388 -0.77735 0 0 0 0 0 462
18.9043 -0.79402 -0.77937 -0.8853 -0.77185 0 0 0 0 0 463
18.9069 -0.45411 -0.80805 -1.5293 0.29094 0 0 0 0 0 464
20.5215 -1.6316 0.6495 -0.52849 2.1998 0 0 0 0 0 465
17.5215 -0.066157 -1.2177 -1.8896 -0.36206 0 0 0 0 0 466
19.3665 0.46953 -0.87041 0.068247 -1.7469 0 0 0 0 0 467
18.0789 -0.24608 0.41242 -1.4487 -0.37775 0 0 0 0 0 468
19.9297 0.92364 -0.22948 0.20716 -1.4631 0 0 0 0 0 469
20.4157 -1.3503 -0.78717 0.00044713 -0.66076 0 0 0 0 0 470
18.8801 0.0059313 0.50118 -1.1697 -0.03424 0 0 0 0 0 471
19.2427 0.25206 1.1399 -0.38969 -0.11811 0 0 0 0 0 472
20.485 0.2598 0.070992 0.18797 -1.1512 0 0 0 0 0 473
19.5576 -0.28091 -1.5818 -1.1849 0.56943 0 0 0 0 0 474
18.8227 0.86427 -0.1031 -1.0639 -0.050625 0 0 0 0 0 475
20.1796 1.3608 -1.2513 -1.3629 0.70293 0 0 0 0 0 476
19.5744 -1.3551 -0.24283 -0.94647 -0.69355 0 0 0 0 0 477
19.9726 -0.42015 0.90927 -0.21823 0.30739 0 0 0 0 0 478
19.1432 -0.3352 -0.33069 0.037923 -0.060592 0 0 0 0 0 479
19.4904 1.0494 -0.82408 1.119 -0.087507 0 0 0 0 0 480
19.5885 0.46177 -1.4961 -0.53325 -0.87183 0 0 0 0 0 481
19.3465 -0.96585 0.28674 -0.57563 -0.87331 0 0 0 0 0 482
19.1957 -0.98186 -0.48926 -1.8036 -0.61272 0 0 0 0 0 483
19.0475 -0.77318 0.19054 0.29371 0.53171 0 0 0 0 0 484
20.3043 -0.28442 -1.4184 -1.3077 0.89812 0 0 0 0 0 485
19.9908 0.46186 0.00060442 0.58578 -1.223 0 0 0 0 0 486
20.0541 -0.8559 -0.28892 -0.11465 -0.45108 0 0 0 0 0 487
20.9672 0.44793 -0.63072 -0.11397 0.012407 0 0 0 0 0 488
20.2776 -0.79593 -1.3628 -0.2538 -0.41805 0 0 0 0 0 489
21.6819 -0.85816 -0.097215 -0.58448 -0.58409 0 0 0 0 0 490
20.7233 0.11347 -0.47379 -0.37406 0.38514 0 0 0 0 0 491
19.909 -0.35809 -0.5181 -0.80962 -0.12006 0 0 0 0 0 492
20.6301 -0.59555 -0.99031 -0.54406 -0.23557 0 0 0 0 0 493
19.3768 0.96136 -0.33748 -0.058523 -2.0657 0 0 0 0 0 494
19.965 0.27679 -0.77619 -1.5622 0.36123 0 0 0 0 0 495
19.2288 -1.361 -1.4826 0.71934 -0.76775 0 0 0 0 0 496
18.8152 -0.51813 -0.26034 0.20872 -1.3731 0 0 0 0 0 497
19.5822 0.54412 -0.87427 -0.43471 -0.77098 0 0 0 0 0 498
19.3391 -1.158 0.48237 -1.0236 0.99077 0 0 0 0 0 499
19.1933 -1.3628 0.33295 0.22818 -0.46209 0 0 0 0 0 500
20.5028 0.29561 -0.86795 -1.1073 0.38787 0 0 0 0 0 501
19.2779 0.078549 -0.88402 -0.62135 -0.56442 0 0 0 0 0 502
18.7572 -1.1353 0.0038899 0.79013 0.057717 0 0 0 0 0 503
19.0644 -0.54845 -0.50933 -0.92377 0.45784 0 0 0 0 0 504
18.2322 -0.80066 -0.86043 0.89209 -1.101 0 0 0 0 0 505
18.9956 -0.66629 -0.6008 0.1696 -1.2397 0 0 0 0 0 506
18.6188 -0.63966 0.35987 -0.85901 -0.10922 0 0 0 0 0 507
19.5637 -1.0348 0.46851 -0.18271 0.088686 0 0 0 0 0 508
20.4496 -0.75145 1.223 0.68746 1.6593 0 0 0 0 0 509
19.3408 -1.1454 0.98691 -1.045 0.56626 0 0 0 0 0 510
19.9932 -0.37695 -1.1227 -0.073704 -0.6723 0 0 0 0 0 511
19.825 -0.090429 0.30496 0.037715 0.96185 0 0 0 0 0 512
19.2553 0.76748 0.19829 -1.7153 -0.13108 0 0 0 0 0 513
20.4762 -0.54561 0.03816 0.16181 1.4484 0 0 0 0 0 514
17.6408 -0.69128 -0.11062 -0.25117 -0.20255 0 0 0 0 0 515
19.8917 0.74531 -0.35157 -0.73328 -0.88587 0 0 0 0 0 516
19.4582 -0.86376 -0.39825 0.62319 0.57237 0 0 0 0 0 517
19.8121 -0.89667 0.037421 -1.0155 0.18346 0 0 0 0 0 518
18.8457 0.44663 -1.2485 -0.15653 0.81881 0 0 0 0 0 519
19.0313 -0.21539 -0.35051 -1.0288 -0.29461 0 0 0 0 0 520
21.6689 -2.2673 -0.94117 -0.18261 -1.5343 0 0 0 0 0 521
19.5757 -0.57573 0.25948 -0.0034572 -0.87716 0 0 0 0 0 522
20.3074 0.33712 -1.5125 -0.96873 0.63929 0 0 0 0 0 523
19.4422 -1.2638 0.05187 -0.57078 -0.82725 0 0 0 0 0 524
19.8011 0.26743 -1.0893 -0.99954 -0.47285 0 0 0 0 0 525
20.2651 -0.72574 0.59627 0.68367 -1.9953 0 0 0 0 0 526
18.8772 0.41281 -0.41607 -0.29999 -0.19368 0 0 0 0 0 527
20.1267 0.20109 -0.31493 -0.29857 -0.5148 0 0 0 0 0 528
17.7417 -0.94254 -1.3397 -2.2274 0.12511 0 0 0 0 0 529
18.9365 -0.077475 0.10181 -0.35949 0.53673 0 0 0 0 0 530
18.9479 0.26302 -0.34319 -0.79766 -1.0793 0 0 0 0 0 531
19.7739 -1.1225 -1.8321 -0.41574 -0.74817 0 0 0 0 0 532
20.5471 1.0156 -0.25703 -0.31811 0.19991 0 0 0 0 0 533
20.8258 -0.97408 0.32023 -0.25649 -0.82739 0 0 0 0 0 534
21.0183 -0.0092376 0.65914 -1.3567 -0.6811 0 0 0 0 0 535
20.661 0.020261 0.97156 -0.32403 -2.2874 0 0 0 0 0 536
20.9605 -0.53663 -0.3863 -0.14725 0.502 0 0 0 0 0 537
19.7594 0.41319 -0.30207 -0.75904 0.68311 0 0 0 0 0 538
17.9875 0.28845 -0.09901 -0.2169 0.64853 0 0 0 0 0 539
20.8549 -1.7584 1.0618 -1.4789 1.0047 0 0 0 0 0 540
19.3064 -0.39389 -0.31039 0.50554 -1.8615 0 0 0 0 0 541
19.2652 -0.0097828 -1.5713 1.0178 0.28697 0 0 0 0 0 542
20.572 -1.1549 0.034682 -0.49213 -0.1466 0 0 0 0 0 543
19.6376 -0.3549 -0.44471 -1.2137 0.39138 0 0 0 0 0 544
19.6818 -0.74324 -0.045431 0.23726 -0.33427 0 0 0 0 0 545
19.3452 -1.8603 -0.48728 -0.70767 -0.44086 0 0 0 0 0 546
20.2272 -0.69948 -0.30888 -0.96827 0.33489 0 0 0 0 0 547
20.281 -0.27515 0.19928 0.36044 -0.93799 0 0 0 0 0 548
19.2041 0.57312 -0.072772 -0.95403 -0.035178 0 0 0 0 0 549
20.3732 -1.1825 -1.1973 -1.2839 -0.11538 0 0 0 0 0 550
21.1962 0.086021 0.25996 -2.1694 0.53704 0 0 0 0 0 551
19.4445 -1.9236 -1.0677 -0.87871 -1.0222 0 0 0 0 0 552
17.4665 -0.37721 -0.24663 0.24248 -0.19373 0 0 0 0 0 553
17.784 -0.8569 0.025414 -0.20625 0.69112 0 0 0 0 0 554
18.5483 -1.5264 0.92982 -0.92765 -0.25959 0 0 0 0 0 555
19.247 -0.16094 -1.4747 0.96514 -1.7622 0 0 0 0 0 556
19.4849 -0.50742 0.15359 -0.61533 -1.3542 0 0 0 0 0 557
19.0489 -0.37522 -0.47718 -0.66316 -0.60624 0 0 0 0 0 558
19.3766 0.84485 -2.1882 -1.0415 -0.87779 0 0 0 0 0 559
20.1998 0.53002 0.47124 0.69688 -0.21857 0 0 0 0 0 560
20.2676 0.37436 0.36921 -0.71276 -1.3228 0 0 0 0 0 561
19.9862 -0.42726 -1.3238 0.53984 -1.4244 0 0 0 0 0 562
21.2217 0.77167 0.5208 -0.92723 -0.15592 0 0 0 0 0 563
20.3231 -0.54469 -1.1563 1.1001 -0.22602 0 0 0 0 0 564
21.1225 -0.071476 -0.5872 1.3137 0.2433 0 0 0 0 0 565
20.5477 0.034822 -0.063706 -0.54116 -0.43773 0 0 0 0 0 566
20.6637 -0.54134 -0.39624 -0.49889 -0.11581 0 0 0 0 0 567
18.4504 0.55174 -0.42886 -0.74435 -1.2748 0 0 0 0 0 568
19.8736 -0.45148 -0.55589 0.1219 0.84076 0 0 0 0 0 569
21.0868 -0.34207 -1.0483 -1.1645 -0.53268 0 0 0 0 0 570
20.0596 -1.375 1.0584 -1.1957 1.0319 0 0 0 0 0 571
19.1934 -1.3777 0.13104 -0.52783 -1.3074 0 0 0 0 0 572
21.3054 -0.65631 -0.73217 -0.0722 -0.60987 0 0 0 0 0 573
19.3017 0.37136 -0.22184 -1.0731 -0.83649 0 0 0 0 0 574
18.9608 -0.57128 0.61025 -0.14124 -0.30676 0 0 0 0 0 575
19.9788 -0.77775 0.41208 0.54456 0.71405 0 0 0 0 0 576
20.0411 -0.62296 0.31612 0.13442 -0.11077 0 0 0 0 0 577
19.9137 -0.2042 0.23181 1.1709 -0.34038 0 0 0 0 0 578
20.3765 -0.35174 0.47657 0.24975 2.3024 0 0 0 0 0 579
18.5315 -0.48426 -0.55383 -0.23666 -0.54662 0 0 0 0 0 580
19.0569 -0.2972 -1.0299 0.62176 -0.28764 0 0 0 0 0 581
19.53 -0.47783 -0.36107 0.52753 -1.1831 0 0 0 0 0 582
20.1609 0.089558 -0.23247 0.32425 -1.3067 0 0 0 0 0 583
20.4925 -1.0695 0.81413 -0.56305 0.31193 0 0 0 0 0 584
20.1963 -1.9471 0.48373 -1.0338 -0.91272 0 0 0 0 0 585
18.5371 -0.27301 -0.43458 0.44103 -0.66819 0 0 0 0 0 586
19.4694 0.8182 -0.33778 0.84909 -2.2394 0 0 0 0 0 587
21.1599 1.0725 -0.84185 0.17406 0.28757 0 0 0 0 0 588
19.9019 -0.457 -1.9276 -0.65585 0.59137 0 0 0 0 0 589
19.3646 0.062214 -0.3159 -0.011394 -0.36338 0 0 0 0 0 590
18.4214 0.37792 -0.83531 1.1789 0.83158 0 0 0 0 0 591
19.8268 -1.2427 -0.83681 -0.51759 0.13975 0 0 0 0 0 592
18.6488 -0.00059455 0.76752 -0.057191 0.20686 0 0 0 0 0 593
19.152 0.27845 0.31844 -0.48065 0.48909 0 0 0 0 0 594
18.9933 -0.35201 0.28872 0.45708 -1.4755 0 0 0 0 0 595
18.6635 0.49317 0.50504 0.13445 0.77731 0 0 0 0 0 596
19.822 -0.86457 -0.9023 -0.16672 -1.5167 0 0 0 0 0 597
18.8116 0.12691 0.2808 -0.16083 -0.72306 0 0 0 0 0 598
20.1369 -1.1279 -0.34016 -0.25594 -1.6848 0 0 0 0 0 599
19.8947 0.20289 -0.36437 -0.58436 -0.61934 0 0 0 0 0 600
20.7218 -0.58725 -1.23 -1.0451 -0.26464 0 0 0 0 0 601
19.793 -1.0203 -2.0155 1.8269 -1.0353 0 0 0 0 0 602
20.1511 -0.33882 -1.2073 -0.042092 -0.78315 0 0 0 0 0 603
18.5682 -0.96868 0.85876 -0.38636 -0.63008 0 0 0 0 0 604
20.0146 -1.1723 -0.27226 -1.0569 -0.0081414 0 0 0 0 0 605
19.8855 0.93826 -0.53535 -0.81866 0.10338 0 0 0 0 0 606
21.0708 0.63987 -0.61882 -1.04 -0.38261 0 0 0 0 0 607
19.101 -0.55711 -0.50947 -0.91309 0.69536 0 0 0 0 0 608
18.6998 -0.24045 -0.35057 0.82458 -1.0485 0 0 0 0 0 609
19.9536 -0.89559 0.057501 -1.2362 0.043787 0 0 0 0 0 610
20.2757 1.1712 1.0274 2.3473 0.25619 0 0 0 0 0 611
21.9993 0.65719 1.0188 0.15962 1.5175 0 0 0 0 0 612
21.6972 1.4417 0.14147 1.3884 -0.12292 0 0 0 0 0 613
22.2134 1.0235 1.1949 2.1344 0.38296 0 0 0 0 0 614
21.1689 2.0198 0.91241 1.8603 3.6562 0 0 0 0 0 615
20.5406 1.5789 2.8377 2.3697 1.6534 0 0 0 0 0 616
21.1244 0.52595 2.5921 0.71663 0.21151 0 0 0 0 0 617
20.8868 -0.1736 1.5408 1.5388 1.5314 0 0 0 0 0 618
21.1564 1.9289 1.1477 1.8071 2.2564 0 0 0 0 0 619
20.3728 0.42825 1.4738 0.85237 0.49405 0 0 0 0 0 620
20.6495 1.8001 2.46 1.3556 0.89039 0 0 0 0 0 621
21.3913 1.146 2.8635 1.5694 1.4869 0 0 0 0 0 622
21.4395 0.9559 1.3817 2.5074 2.4529 0 0 0 0 0 623
21.2228 1.9046 2.2455 0.89925 1.3496 0 0 0 0 0 624
21.1586 0.14831 2.146 0.84554 1.6244 0 0 0 0 0 625
21.776 2.7366 1.2306 1.4309 -0.21627 0 0 0 0 0 626
21.9074 0.7103 0.60092 1.5636 1.8434 0 0 0 0 0 627
21.4254 1.7275 1.3342 1.0891 1.0678 0 0 0 0 0 628
21.6701 0.80241 2.1345 1.0611 0.75115 0 0 0 0 0 629
20.3925 1.1784 2.138 1.8422 1.0838 0 0 0 0 0 630
21.2333 1.2682 0.90758 -0.91372 2.617 0 0 0 0 0 631
20.9043 2.1302 1.9669 0.099516 2.8186 0 0 0 0 0 632
19.6179 0.32699 1.499 0.36523 0.85949 0 0 0 0 0 633
21.2752 -0.28525 1.5309 1.187 0.62335 0 0 0 0 0 634
21.1765 1.2279 1.6927 1.1702 0.82816 0 0 0 0 0 635
22.8986 1.1575 0.20299 2.1794 0.26443 0 0 0 0 0 636
21.8534 1.7389 2.7528 2.192 -0.31673 0 0 0 0 0 637
20.8175 1.1403 -0.097323 1.5495 1.1214 0 0 0 0 0 638
19.7212 0.86607 0.20722 1.1305 0.68033 0 0 0 0 0 639
21.3758 0.63863 1.8519 0.63499 0.48134 0 0 0 0 0 640
21.8809 0.92264 1.7537 1.1056 1.9447 0 0 0 0 0 641
21.7676 1.1433 0.35516 1.6622 0.26344 0 0 0 0 0 642
22.3916 0.085419 0.70863 1.8856 1.2638 0 0 0 0 0 643
21.0326 0.80713 1.1341 1.4554 0.88985 0 0 0 0 0 644
21.6666 0.83742 2.379 0.34418 1.6141 0 0 0 0 0 645
20.0752 1.5376 0.89793 1.2406 0.93765 0 0 0 0 0 646
22.4191 1.5296 1.7071 2.0898 1.3122 0 0 0 0 0 647
21.5586 2.1834 1.3622 1.1767 1.8405 0 0 0 0 0 648
20.7517 0.46484 0.98916 1.7269 2.3507 0 0 0 0 0 649
22.5105 0.87554 1.0108 1.5785 1.223 0 0 0 0 0 650
22.9951 0.61279 0.94919 2.1521 2.5838 0 0 0 0 0 651
21.394 1.9821 0.92453 1.9648 1.3608 0 0 0 0 0 652
20.0898 0.87003 1.8785 1.5839 2.6186 0 0 0 0 0 653
20.6113 0.7686 1.0766 2.018 1.2 0 0 0 0 0 654
20.7497 1.5079 2.1036 -0.47093 1.0858 0 0 0 0 0 655
20.7557 1.9188 0.84262 1.5485 1.0711 0 0 0 0 0 656
20.9158 0.37518 1.4396 2.0946 0.06994 0 0 0 0 0 657
21.1455 1.095 1.242 0.85321 0.99358 0 0 0 0 0 658
21.4358 0.28339 1.9866 1.8512 -0.38081 0 0 0 0 0 659
21.3765 1.9525 1.8096 1.3636 1.602 0 0 0 0 0 660
21.4978 2.0304 1.5185 2.9099 0.3218 0 0 0 0 0 661
21.3672 1.6941 0.40244 -0.48382 1.4147 0 0 0 0 0 662
21.5055 1.4447 1.6008 -0.48217 0.93606 0 0 0 0 0 663
22.3945 1.6912 1.1358 1.0668 1.6027 0 0 0 0 0 664
22.5078 1.6289 1.451 1.2447 2.0979 0 0 0 0 0 665
21.2377 1.752 1.8847 2.3188 2.4657 0 0 0 0 0 666
21.5829 1.9531 0.37207 0.74125 -0.12743 0 0 0 0 0 667
21.3666 3.4003 1.0035 1.0956 2.0492 0 0 0 0 0 668
21.9188 1.2621 2.2154 1.7311 0.44801 0 0 0 0 0 669
21.5788 1.1397 2.1318 1.7638 0.76722 0 0 0 0 0 670
21.3111 0.8796 1.4803 0.67903 0.89407 0 0 0 0 0 671
19.9104 1.6429 -0.039617 -0.11026 0.99828 0 0 0 0 0 672
20.9705 0.69886 1.4125 0.4103 1.0347 0 0 0 0 0 673
21.0928 2.4641 -0.11839 1.3425 1.6354 0 0 0 0 0 674
20.2893 1.2757 -0.17929 1.7255 0.46791 0 0 0 0 0 675
21.1373 1.7257 1.4361 0.2645 0.65619 0 0 0 0 0 676
20.8246 2.0294 2.2184 1.7142 0.93212 0 0 0 0 0 677
21.5172 2.3745 0.85865 0.49853 0.96556 0 0 0 0 0 678
1.712 19.8592 0.028117 0 0 0 0 0 0 0 679
0.81441 21.4881 0.028117 0 0 0 0 0 0 0 680
-0.098076 19.3324 0.028117 0 0 0 0 0 0 0 681
0.14134 19.3351 0.028117 0 0 0 0 0 0 0 682
-2.0642 20.5285 0.028117 0 0 0 0 0 0 0 683
2.0226 20.3968 0.028117 0 0 0 0 0 0 0 684
2.014 20.5796 0.028117 0 0 0 0 0 0 0 685
-1.9051 20.8998 0.028117 0 0 0 0 0 0 0 686
2.0175 20.3577 0.028117 0 0 0 0 0 0 0 687
1.865 20.021 0.028117 0 0 0 0 0 0 0 688
-1.8626 20.9512 0.028117 0 0 0 0 0 0 0 689
-1.8019 19.903 0.028117 0 0 0 0 0 0 0 690
-0.40753 19.3518 0.028117 0 0 0 0 0 0 0 691
1.1586 19.5376 0.028117 0 0 0 0 0 0 0 692
1.4655 21.2338 0.028117 0 0 0 0 0 0 0 693
-1.8522 19.955 0.028117 0 0 0 0 0 0 0 694
1.4487 19.6743 0.028117 0 0 0 0 0 0 0 695
-1.0604 19.4877 0.028117 0 0 0 0 0 0 0 696
0.57566 19.3806 0.028117 0 0 0 0 0 0 0 697
1.9341 20.1254 0.028117 0 0 0 0 0 0 0 698
-1.1688 21.3924 0.028117 0 0 0 0 0 0 0 699
1.758 19.9015 0.028117 0 0 0 0 0 0 0 700
-1.2937 19.5759 0.028117 0 0 0 0 0 0 0 701
0.30883 19.3463 0.028117 0 0 0 0 0 0 0 702
2.0079 20.3104 0.028117 0 0 0 0 0 0 0 703
1.868 20.8929 0.028117 0 0 0 0 0 0 0 704
0.51681 21.5466 0.028117 0 0 0 0 0 0 0 705
1.1093 21.3987 0.028117 0 0 0 0 0 0 0 706
-1.5714 19.7228 0.028117 0 0 0 0 0 0 0 707
1.9975 20.6455 0.028117 0 0 0 0 0 0 0 708
1.1104 19.5195 0.028117 0 0 0 0 0 0 0 709
1.7043 21.0654 0.028117 0 0 0 0 0 0 0 710
2.0009 20.2838 0.028117 0 0 0 0 0 0 0 711
0.62852 21.528 0.028117 0 0 0 0 0 0 0 712
1.1508 19.5346 0.028117 0 0 0 0 0 0 0 713
-1.9894 20.7684 0.028117 0 0 0 0 0 0 0 714
1.7711 19.9144 0.028117 0 0 0 0 0 0 0 715
0.79428 21.4929 0.028117 0 0 0 0 0 0 0 716
1.4809 21.2248 0.028117 0 0 0 0 0 0 0 717
0.72014 21.5097 0.028117 0 0 0 0 0 0 0 718
-0.15982 21.5837 0.028117 0 0 0 0 0 0 0 719
-2.0677 20.4374 0.028117 0 0 0 0 0 0 0 720
-1.5742 21.1933 0.028117 0 0 0 0 0 0 0 721
0.13478 19.3349 0.028117 0 0 0 0 0 0 0 722
-1.992 20.7635 0.028117 0 0 0 0 0 0 0 723
0.31843 21.5706 0.028117 0 0 0 0 0 0 0 724
-0.039132 19.3316 0.028117 0 0 0 0 0 0 0 725
0.46633 21.5538 0.028117 0 0 0 0 0 0 0 726
-2.0306 20.6736 0.028117 0 0 0 0 0 0 0 727
0.81933 21.4868 0.028117 0 0 0 0 0 0 0 728
1.0997 21.4022 0.028117 0 0 0 0 0 0 0 729
1.0433 19.496 0.028117 0 0 0 0 0 0 0 730
1.2108 21.3592 0.028117 0 0 0 0 0 0 0 731
-0.1234 21.5849 0.028117 0 0 0 0 0 0 0 732
-1.2988 21.3397 0.028117 0 0 0 0 0 0 0 733
-2.032 20.6696 0.028117 0 0 0 0 0 0 0 734
2.0251 20.4864 0.028117 0 0 0 0 0 0 0 735
-1.2326 19.5502 0.028117 0 0 0 0 0 0 0 736
-1.5317 19.6981 0.028117 0 0 0 0 0 0 0 737
1.7852 20.9892 0.028117 0 0 0 0 0 0 0 738
1.4019 21.2692 0.028117 0 0 0 0 0 0 0 739
-1.5906 21.1826 0.028117 0 0 0 0 0 0 0 740
-1.9315 20.8639 0.028117 0 0 0 0 0 0 0 741
-2.0143 20.2022 0.028117 0 0 0 0 0 0 0 742
0.68077 21.5179 0.028117 0 0 0 0 0 0 0 743
-1.8091 19.9101 0.028117 0 0 0 0 0 0 0 744
1.0067 21.4338 0.028117 0 0 0 0 0 0 0 745
1.8247 19.9716 0.028117 0 0 0 0 0 0 0 746
-1.1565 19.5209 0.028117 0 0 0 0 0 0 0 747
1.7258 21.0465 0.028117 0 0 0 0 0 0 0 748
-1.9685 20.1116 0.028117 0 0 0 0 0 0 0 749
-1.9622 20.8168 0.028117 0 0 0 0 0 0 0 750
0.91877 21.4604 0.028117 0 0 0 0 0 0 0 751
-0.64787 21.5321 0.028117 0 0 0 0 0 0 0 752
-1.0335 21.4387 0.028117 0 0 0 0 0 0 0 753
0.36055 21.5665 0.028117 0 0 0 0 0 0 0 754
1.1949 19.5521 0.028117 0 0 0 0 0 0 0 755
-0.97047 19.4601 0.028117 0 0 0 0 0 0 0 756
2.0066 20.3052 0.028117 0 0 0 0 0 0 0 757
0.22458 19.3397 0.028117 0 0 0 0 0 0 0 758
0.45084 21.5559 0.028117 0 0 0 0 0 0 0 759
-1.1145 19.5059 0.028117 0 0 0 0 0 0 0 760
2.0073 20.6099 0.028117 0 0 0 0 0 0 0 761
-2.0363 20.2609 0.028117 0 0 0 0 0 0 0 762
1.4543 21.2403 0.028117 0 0 0 0 0 0 0 763
0.7001 19.4039 0.028117 0 0 0 0 0 0 0 764
-2.0348 20.6614 0.028117 0 0 0 0 0 0 0 765
0.35109 19.3504 0.028117 0 0 0 0 0 0 0 766
-1.537 19.7013 0.028117 0 0 0 0 0 0 0 767
0.58842 21.5351 0.028117 0 0 0 0 0 0 0 768
-0.64329 21.5329 0.028117 0 0 0 0 0 0 0 769
0.83875 21.482 0.028117 0 0 0 0 0 0 0 770
-0.057821 19.3318 0.028117 0 0 0 0 0 0 0 771
0.078525 19.3329 0.028117 0 0 0 0 0 0 0 772
1.4909 19.699 0.028117 0 0 0 0 0 0 0 773
1.2855 21.3267 0.028117 0 0 0 0 0 0 0 774
0.34614 21.568 0.028117 0 0 0 0 0 0 0 775
-1.9994 20.1694 0.028117 0 0 0 0 0 0 0 776
2.0245 20.4194 0.028117 0 0 0 0 0 0 0 777
-1.5642 21.1997 0.028117 0 0 0 0 0 0 0 778
-1.7193 19.8295 0.028117 0 0 0 0 0 0 0 779
1.5173 21.2026 0.028117 0 0 0 0 0 0 0 780
1.9912 20.2526 0.028117 0 0 0 0 0 0 0 781
-1.422 19.6369 0.028117 0 0 0 0 0 0 0 782
-0.67519 21.5272 0.028117 0 0 0 0 0 0 0 783
-1.2334 19.5505 0.028117 0 0 0 0 0 0 0 784
2.0178 20.5581 0.028117 0 0 0 0 0 0 0 785
0.93694 19.4627 0.028117 0 0 0 0 0 0 0 786
-0.36101 19.3472 0.028117 0 0 0 0 0 0 0 787
-2.0588 20.3513 0.028117 0 0 0 0 0 0 0 788
-0.13119 21.5846 0.028117 0 0 0 0 0 0 0 789
1.6233 21.1302 0.028117 0 0 0 0 0 0 0 790
0.70356 21.5132 0.028117 0 0 0 0 0 0 0 791
-1.946 20.8424 0.028117 0 0 0 0 0 0 0 792
0.34981 21.5676 0.028117 0 0 0 0 0 0 0 793
-1.2086 19.5407 0.028117 0 0 0 0 0 0 0 794
1.8271 19.9744 0.028117 0 0 0 0 0 0 0 795
0.2964 19.3452 0.028117 0 0 0 0 0 0 0 796
1.992 20.6628 0.028117 0 0 0 0 0 0 0 797
-1.5183 19.6901 0.028117 0 0 0 0 0 0 0 798
1.5771 21.1632 0.028117 0 0 0 0 0 0 0 799
2.0236 20.5102 0.028117 0 0 0 0 0 0 0 800
0.55016 21.5415 0.028117 0 0 0 0 0 0 0 801
-0.80261 19.417 0.028117 0 0 0 0 0 0 0 802
-1.6192 21.1634 0.028117 0 0 0 0 0 0 0 803
1.9846 20.6838 0.028117 0 0 0 0 0 0 0 804
-1.626 21.1587 0.028117 0 0 0 0 0 0 0 805
0.89231 21.4678 0.028117 0 0 0 0 0 0 0 806
-1.5512 21.2078 0.028117 0 0 0 0 0 0 0 807
1.8551 20.0083 0.028117 0 0 0 0 0 0 0 808
-1.9881 20.1468 0.028117 0 0 0 0 0 0 0 809
-1.9773 20.791 0.028117 0 0 0 0 0 0 0 810
2.0227 20.521 0.028117 0 0 0 0 0 0 0 811
-1.1797 21.3883 0.028117 0 0 0 0 0 0 0 812
-0.036551 21.5862 0.028117 0 0 0 0 0 0 0 813
-1.6373 21.1508 0.028117 0 0 0 0 0 0 0 814
0.90817 19.4545 0.028117 0 0 0 0 0 0 0 815
-0.96178 21.4602 0.028117 0 0 0 0 0 0 0 816
-0.35791 19.3469 0.028117 0 0 0 0 0 0 0 817
1.608 21.1414 0.028117 0 0 0 0 0 0 0 818
-0.10624 21.5853 0.028117 0 0 0 0 0 0 0 819
0.31617 21.5709 0.028117 0 0 0 0 0 0 0 820
1.1049 19.5175 0.028117 0 0 0 0 0 0 0 821
0.49945 21.5492 0.028117 0 0 0 0 0 0 0 822
-2.06 20.5589 0.028117 0 0 0 0 0 0 0 823
-0.60934 21.5387 0.028117 0 0 0 0 0 0 0 824
-1.3655 21.3091 0.028117 0 0 0 0 0 0 0 825
-1.9156 20.8859 0.028117 0 0 0 0 0 0 0 826
1.4074 21.2663 0.028117 0 0 0 0 0 0 0 827
-0.72777 21.517 0.028117 0 0 0 0 0 0 0 828
-1.7134 21.0931 0.028117 0 0 0 0 0 0 0 829
-1.9323 20.0551 0.028117 0 0 0 0 0 0 0 830
0.11896 21.5836 0.028117 0 0 0 0 0 0 0 831
-1.5978 19.74 0.028117 0 0 0 0 0 0 0 832
-0.80302 21.5008 0.028117 0 0 0 0 0 0 0 833
-1.1324 21.4057 0.028117 0 0 0 0 0 0 0 834
1.2085 21.3602 0.028117 0 0 0 0 0 0 0 835
-0.71146 19.3976 0.028117 0 0 0 0 0 0 0 836
1.1496 21.3837 0.028117 0 0 0 0 0 0 0 837
2.0128 20.5855 0.028117 0 0 0 0 0 0 0 838
-0.28638 21.5768 0.028117 0 0 0 0 0 0 0 839
-1.0883 21.421 0.028117 0 0 0 0 0 0 0 840
-2.0654 20.517 0.028117 0 0 0 0 0 0 0 841
0.086485 19.3331 0.028117 0 0 0 0 0 0 0 842
1.9175 20.0972 0.028117 0 0 0 0 0 0 0 843
-1.061 21.43 0.028117 0 0 0 0 0 0 0 844
-0.92721 19.448 0.028117 0 0 0 0 0 0 0 845
1.9905 20.2506 0.028117 0 0 0 0 0 0 0 846
-1.5083 21.2336 0.028117 0 0 0 0 0 0 0 847
-0.02117 19.8754 1.8379 0 0 0 0 0 0 0 848
-0.02117 20.071 -1.5314 0 0 0 0 0 0 0 849
-0.02117 18.6779 1.7114 0 0 0 0 0 0 0 850
-0.02117 19.9525 1.7526 0 0 0 0 0 0 0 851
-0.02117 18.8806 1.9217 0 0 0 0 0 0 0 852
-0.02117 18.2069 -0.11379 0 0 0 0 0 0 0 853
-0.02117 20.3956 0.71101 0 0 0 0 0 0 0 854
-0.02117 18.3938 -1.1185 0 0 0 0 0 0 0 855
-0.02117 20.3714 -0.77008 0 0 0 0 0 0 0 856
-0.02117 18.6668 1.6967 0 0 0 0 0 0 0 857
-0.02117 20.318 1.0284 0 0 0 0 0 0 0 858
-0.02117 19.3179 -2.0378 0 0 0 0 0 0 0 859
-0.02117 19.9637 1.7389 0 0 0 0 0 0 0 860
-0.02117 19.7165 1.9701 0 0 0 0 0 0 0 861
-0.02117 18.7589 -1.7516 0 0 0 0 0 0 0 862
-0.02117 20.2259 1.2859 0 0 0 0 0 0 0 863
-0.02117 19.9643 1.7381 0 0 0 0 0 0 0 864
-0.02117 20.2203 1.2993 0 0 0 0 0 0 0 865
-0.02117 20.2039 -1.2807 0 0 0 0 0 0 0 866
-0.02117 20.4301 -0.4363 0 0 0 0 0 0 0 867
-0.02117 18.2322 -0.42937 0 0 0 0 0 0 0 868
-0.02117 18.6695 -1.6442 0 0 0 0 0 0 0 869
-0.02117 18.3017 0.86836 0 0 0 0 0 0 0 870
-0.02117 18.4991 1.4213 0 0 0 0 0 0 0 871
-0.02117 20.4588 0.00064761 0 0 0 0 0 0 0 872
-0.02117 20.2868 -1.0693 0 0 0 0 0 0 0 873
-0.02117 19.0246 -1.9599 0 0 0 0 0 0 0 874
-0.02117 20.4176 -0.52582 0 0 0 0 0 0 0 875
-0.02117 18.2832 0.78771 0 0 0 0 0 0 0 876
-0.02117 18.2439 0.57152 0 0 0 0 0 0 0 877
-0.02117 20.3972 -0.64591 0 0 0 0 0 0 0 878
-0.02117 20.4581 0.10717 0 0 0 0 0 0 0 879
-0.02117 20.4187 -0.5188 0 0 0 0 0 0 0 880
-0.02117 19.2581 -2.0336 0 0 0 0 0 0 0 881
-0.02117 19.6923 -1.9294 0 0 0 0 0 0 0 882
-0.02117 18.23 -0.41109 0 0 0 0 0 0 0 883
-0.02117 18.9921 -1.9421 0 0 0 0 0 0 0 884
-0.02117 18.8316 1.8799 0 0 0 0 0 0 0 885
-0.02117 18.6924 1.73 0 0 0 0 0 0 0 886
-0.02117 19.7221 1.9663 0 0 0 0 0 0 0 887
-0.02117 18.9886 -1.9401 0 0 0 0 0 0 0 888
-0.02117 18.2102 0.24016 0 0 0 0 0 0 0 889
-0.02117 18.4759 -1.3171 0 0 0 0 0 0 0 890
-0.02117 19.2824 2.0923 0 0 0 0 0 0 0 891
-0.02117 20.4517 0.26209 0 0 0 0 0 0 0 892
-0.02117 18.2709 0.72815 0 0 0 0 0 0 0 893
-0.02117 19.8848 -1.7721 0 0 0 0 0 0 0 894
-0.02117 19.9718 -1.6725 0 0 0 0 0 0 0 895
-0.02117 18.4451 1.3046 0 0 0 0 0 0 0 896
-0.02117 18.793 1.8432 0 0 0 0 0 0 0 897
-0.02117 18.3024 0.87134 0 0 0 0 0 0 0 898
-0.02117 19.9618 -1.685 0 0 0 0 0 0 0 899
-0.02117 18.248 -0.54225 0 0 0 0 0 0 0 900
-0.02117 19.9532 1.7517 0 0 0 0 0 0 0 901
-0.02117 18.3578 -1.013 0 0 0 0 0 0 0 902
-0.02117 19.8857 1.8274 0 0 0 0 0 0 0 903
-0.02117 20.3998 -0.63222 0 0 0 0 0 0 0 904
-0.02117 18.9821 -1.9362 0 0 0 0 0 0 0 905
-0.02117 19.4635 2.08 0 0 0 0 0 0 0 906
-0.02117 20.2309 -1.2178 0 0 0 0 0 0 0 907
-0.02117 18.2042 0.018682 0 0 0 0 0 0 0 908
-0.02117 20.1099 -1.4666 0 0 0 0 0 0 0 909
-0.02117 20.3662 0.84864 0 0 0 0 0 0 0 910
-0.02117 18.5854 -1.5206 0 0 0 0 0 0 0 911
-0.02117 20.3267 -0.94261 0 0 0 0 0 0 0 912
-0.02117 20.4345 -0.3995 0 0 0 0 0 0 0 913
-0.02117 19.1554 2.0688 0 0 0 0 0 0 0 914
-0.02117 20.4516 -0.20667 0 0 0 0 0 0 0 915
-0.02117 20.4069 -0.59231 0 0 0 0 0 0 0 916
-0.02117 18.2737 0.74239 0 0 0 0 0 0 0 917
-0.02117 18.8283 -1.8207 0 0 0 0 0 0 0 918
-0.02117 19.7815 -1.8663 0 0 0 0 0 0 0 919
-0.02117 18.5873 -1.5236 0 0 0 0 0 0 0 920
-0.02117 19.8689 1.8444 0 0 0 0 0 0 0 921
-0.02117 19.9903 1.7048 0 0 0 0 0 0 0 922
-0.02117 19.3645 2.0933 0 0 0 0 0 0 0 923
-0.02117 18.9095 1.944 0 0 0 0 0 0 0 924
-0.02117 20.3287 0.99191 0 0 0 0 0 0 0 925
-0.02117 20.4588 -0.0015589 0 0 0 0 0 0 0 926
-0.02117 18.4684 -1.3009 0 0 0 0 0 0 0 927
-0.02117 18.2099 -0.17948 0 0 0 0 0 0 0 928
-0.02117 20.1773 1.3943 0 0 0 0 0 0 0 929
-0.02117 19.5201 -2.0089 0 0 0 0 0 0 0 930
-0.02117 18.7344 1.7806 0 0 0 0 0 0 0 931
-0.02117 20.4263 0.52192 0 0 0 0 0 0 0 932
-0.02117 20.4581 -0.04894 0 0 0 0 0 0 0 933
-0.02117 20.1237 1.4982 0 0 0 0 0 0 0 934
-0.02117 20.4362 -0.38494 0 0 0 0 0 0 0 935
-0.02117 20.3928 -0.66926 0 0 0 0 0 0 0 936
-0.02117 18.2236 -0.35283 0 0 0 0 0 0 0 937
-0.02117 18.6407 -1.6045 0 0 0 0 0 0 0 938
-0.02117 20.3469 -0.86986 0 0 0 0 0 0 0 939
-0.02117 20.4531 -0.18168 0 0 0 0 0 0 0 940
-0.02117 18.2042 0.036498 0 0 0 0 0 0 0 941
-0.02117 19.6496 2.0103 0 0 0 0 0 0 0 942
-0.02117 19.5085 -2.0124 0 0 0 0 0 0 0 943
-0.02117 20.008 1.681 0 0 0 0 0 0 0 944
-0.02117 19.9578 -1.6899 0 0 0 0 0 0 0 945
-0.02117 18.2149 -0.25613 0 0 0 0 0 0 0 946
-0.02117 19.6991 1.9813 0 0 0 0 0 0 0 947
-0.02117 20.4435 -0.31263 0 0 0 0 0 0 0 948
-0.02117 18.27 0.72345 0 0 0 0 0 0 0 949
-0.02117 19.2659 2.0907 0 0 0 0 0 0 0 950
-0.02117 20.0163 1.6695 0 0 0 0 0 0 0 951
-0.02117 18.7103 -1.6959 0 0 0 0 0 0 0 952
-0.02117 20.34 -0.89537 0 0 0 0 0 0 0 953
-0.02117 20.4448 -0.29825 0 0 0 0 0 0 0 954
-0.02117 18.2833 0.78838 0 0 0 0 0 0 0 955
-0.02117 19.1156 2.0559 0 0 0 0 0 0 0 956
-0.02117 18.5277 1.4766 0 0 0 0 0 0 0 957
-0.02117 20.2584 1.2043 0 0 0 0 0 0 0 958
-0.02117 18.9845 -1.9376 0 0 0 0 0 0 0 959
-0.02117 18.2131 0.28618 0 0 0 0 0 0 0 960
-0.02117 19.7747 -1.8717 0 0 0 0 0 0 0 961
-0.02117 18.7184 1.7618 0 0 0 0 0 0 0 962
-0.02117 18.3369 -0.94435 0 0 0 0 0 0 0 963
-0.02117 18.9606 -1.9229 0 0 0 0 0 0 0 964
-0.02117 20.3991 -0.63573 0 0 0 0 0 0 0 965
-0.02117 19.3548 -2.0375 0 0 0 0 0 0 0 966
-0.02117 18.8114 1.8612 0 0 0 0 0 0 0 967
-0.02117 20.0312 1.6483 0 0 0 0 0 0 0 968
-0.02117 20.1002 -1.4834 0 0 0 0 0 0 0 969
-0.02117 20.4575 -0.075482 0 0 0 0 0 0 0 970
-0.02117 20.4498 -0.23445 0 0 0 0 0 0 0 971
-0.02117 19.4582 2.0812 0 0 0 0 0 0 0 972
-0.02117 19.6901 -1.9307 0 0 0 0 0 0 0 973
-0.02117 18.2115 0.26203 0 0 0 0 0 0 0 974
-0.02117 20.3281 0.99421 0 0 0 0 0 0 0 975
-0.02117 20.4404 -0.3448 0 0 0 0 0 0 0 976
-0.02117 20.4288 0.50249 0 0 0 0 0 0 0 977
-0.02117 18.2333 -0.43829 0 0 0 0 0 0 0 978
-0.02117 20.2483 -1.1743 0 0 0 0 0 0 0 979
-0.02117 19.2044 2.081 0 0 0 0 0 0 0 980
-0.02117 20.4158 0.59405 0 0 0 0 0 0 0 981
-0.02117 20.4546 0.20927 0 0 0 0 0 0 0 982
-0.02117 19.7228 1.9658 0 0 0 0 0 0 0 983
-0.02117 19.0014 -1.9474 0 0 0 0 0 0 0 984
-0.02117 19.5317 -2.0052 0 0 0 0 0 0 0 985
-0.02117 20.4589 0.040667 0 0 0 0 0 0 0 986
-0.02117 18.9179 -1.8939 0 0 0 0 0 0 0 987
-0.02117 20.4262 -0.46609 0 0 0 0 0 0 0 988
-0.02117 18.7432 1.7905 0 0 0 0 0 0 0 989
-0.02117 19.8218 -1.8324 0 0 0 0 0 0 0 990
-0.02117 19.9595 -1.6878 0 0 0 0 0 0 0 991
-0.02117 19.4998 -2.0149 0 0 0 0 0 0 0 992
-0.02117 19.4745 -2.0213 0 0 0 0 0 0 0 993
-0.02117 18.264 0.69194 0 0 0 0 0 0 0 994
-0.02117 20.4538 0.22507 0 0 0 0 0 0 0 995
-0.02117 19.2303 -2.0296 0 0 0 0 0 0 0 996
-0.02117 19.2987 2.0933 0 0 0 0 0 0 0 997
-0.02117 18.5606 1.5356 0 0 0 0 0 0 0 998
-0.02117 18.3865 -1.0982 0 0 0 0 0 0 0 999
-0.02117 19.534 2.0607 0 0 0 0 0 0 0 1000
-0.02117 20.3627 -0.80696 0 0 0 0 0 0 0 1001
-0.02117 19.8041 1.904 0 0 0 0 0 0 0 1002
-0.02117 19.3389 -2.0379 0 0 0 0 0 0 0 1003
-0.02117 18.6894 -1.6701 0 0 0 0 0 0 0 1004
-0.02117 18.2469 -0.53514 0 0 0 0 0 0 0 1005
-0.02117 18.3397 1.0102 0 0 0 0 0 0 0 1006
-0.02117 20.1755 -1.3418 0 0 0 0 0 0 0 1007
-0.02117 18.3863 1.154 0 0 0 0 0 0 0 1008
-0.02117 18.7234 -1.7116 0 0 0 0 0 0 0 1009
-0.02117 18.6766 -1.6535 0 0 0 0 0 0 0 1010
-0.02117 18.2181 -0.29487 0 0 0 0 0 0 0 1011
-0.02117 20.2375 -1.2016 0 0 0 0 0 0 0 1012
-0.02117 19.3715 -2.0367 0 0 0 0 0 0 0 1013
-0.02117 20.4508 -0.21924 0 0 0 0 0 0 0 1014
-0.02117 18.3611 -1.0232 0 0 0 0 0 0 0 1015
-0.02117 18.2045 0.073548 0 0 0 0 0 0 0 1016
-0.02117 18.7221 1.7663 0 0 0 0 0 0 0 1017
18.619 18.0472 -0.58181 -0.30143 -0.78048 0.1259 -1.1361 0.18838 -1.2919 -1.1219 1018
18.752 18.9064 -0.22117 -1.4458 -0.51736 -0.77222 -1.1192 -0.59625 -0.51819 0.18052 1019
18.864 18.2507 -0.73167 -1.3346 -1.1799 -0.26279 -1.6433 -0.95356 -2.0847 -1.5001 1020
19.5969 18.2008 -1.0599 -1.5076 -0.68954 -0.61715 -0.4328 -0.50023 -1.6205 -0.47465 1021
19.5544 19.4107 -0.8507 -1.1113 -1.1969 -1.9234 0.58536 -0.79119 -0.99044 -0.66986 1022
20.1113 19.9104 -1.2709 -0.10078 -1.1323 -0.67652 -0.28692 -1.41 -0.69143 -1.1953 1023
17.703 19.6725 -0.62217 -1.4203 -0.4469 -0.21365 -1.3144 -0.59286 -1.2506 -0.91493 1024
18.4415 18.7839 -1.5906 -0.75755 -0.27209 -0.22808 -0.65223 -1.3464 -0.91641 -1.0299 1025
19.2143 19.5753 0.47514 -0.39831 -0.53813 -1.1283 -0.86909 -0.23245 -1.1742 -0.81393 1026
19.0933 18.0782 -1.0781 -0.85815 -0.46833 -1.0691 -0.85768 -1.5567 -0.67352 -0.92255 1027
18.7941 18.8341 -1.075 -1.2077 -0.12009 -0.65093 -1.6402 -2.3731 -1.421 -0.72711 1028
19.5959 18.9084 -0.63752 -0.13316 -1.9016 -1.4004 -0.72895 -1.7937 -0.69762 -0.90827 1029
19.7269 18.3464 -0.454 -0.58741 -0.47517 -1.6616 -2.4712 -0.42419 -0.41261 -0.21455 1030
20.2981 19.9502 -0.26327 -0.48373 -0.45625 -0.71144 -0.8069 -0.80516 -1.0142 -1.1595 1031
18.979 18.2492 -0.62987 -1.0468 -0.25186 -1.2172 -0.79194 -1.197 -1.5413 -1.3715 1032
18.8201 18.9884 -0.76446 -0.77473 -0.57628 -1.3495 -0.97602 -0.5408 0.02666 1.0802 1033
19.0485 19.1392 -0.47993 -0.38498 -0.98047 -1.2879 -1.1829 -0.39365 0.14292 -0.80623 1034
19.5973 19.5911 -1.2798 -1.6003 -1.0365 0.23777 0.5056 -1.5012 -0.93272 -0.95338 1035
18.8437 18.0142 -0.63061 0.52126 -0.73408 -0.44623 -0.53641 -0.30913 -0.98604 -0.71611 1036
18.6816 18.704 -1.4688 0.10025 -0.77639 -0.77742 -1.5275 -1.3524 -1.653 -0.11943 1037
19.0747 19.539 -0.28468 -1.1011 0.25654 -1.8489 -0.95407 -0.67161 -1.0517 -0.41852 1038
18.5191 19.0823 -0.32128 -1.7874 0.31485 -0.74382 -0.73602 -1.7939 -0.90774 -1.9024 1039
18.7427 20.0227 -1.2028 -0.42722 0.25886 -0.82792 -1.0311 -0.037017 -0.16607 -0.36578 1040
19.5067 19.1849 -0.68167 -1.4472 -0.39348 -0.63518 -1.1327 -1.2112 -1.863 -0.25233 1041
19.4273 19.1335 -0.41502 -1.3307 -1.098 -0.35669 -0.72325 -1.294 -1.6588 -0.47867 1042
19.0784 20.0438 -0.95597 -0.24328 -1.2572 -0.52914 -0.33277 -0.45469 -1.1549 -0.82895 1043
19.2831 18.6877 -0.92172 -0.28886 -1.1411 -0.39332 -0.070725 -0.88559 -1.3423 -0.55383 1044
19.0116 19.1868 -1.3824 -0.29445 -0.58859 -0.73519 -1.3101 -1.9871 -1.2525 -1.2682 1045
18.6337 19.8274 -1.1925 -0.77051 -0.41205 -1.4854 -0.51865 -0.66314 -1.0153 -0.90868 1046
18.7326 19.2494 -1.2179 -1.868 -1.6379 0.053293 -0.59964 -0.62433 -0.78132 -0.14575 1047
20.1541 19.3383 -1.1318 -2.0812 -1.7937 -0.60204 -0.79282 -0.87227 -0.62152 -0.45118 1048
18.5967 19.3404 -0.36811 -0.23985 -1.027 -1.3903 -0.55242 -0.50211 -1.0262 -1.1355 1049
19.6413 19.2448 -0.92929 -0.88013 -1.7418 -0.67092 -1.3389 -0.12976 -1.507 -0.79228 1050
19.1258 19.5018 -1.137 -0.14403 -0.58005 -0.94938 -0.85448 -0.53797 -0.74282 -0.70209 1051
19.8918 19.0365 -0.78325 -1.5109 -1.855 -1.2751 -1.0371 -0.0016013 -0.33486 -0.30968 1052
20.1987 19.7515 -0.81981 -0.98716 -1.2067 -1.1075 -0.44336 -0.37991 -0.61536 -1.1218 1053
19.1447 19.1325 -0.049737 -0.51865 -1.0775 0.7138 0.21652 -0.012623 -0.56047 -0.21996 1054
19.3361 19.1991 -0.86034 -0.55312 -1.1563 -0.48749 -1.0252 -1.2927 -0.63542 -0.86402 1055
19.7117 19.1197 -1.6484 -0.51166 -1.4739 -0.67283 -1.3835 -1.1974 -1.6164 -0.60408 1056
18.3962 19.1871 -1.5706 0.10471 -1.2078 -1.3373 -0.14167 -1.3941 -1.1498 -1.7608 1057
19.4707 18.2033 -0.58171 -1.6137 -1.0381 -1.8028 -1.5717 -0.91277 -1.8321 -0.99022 1058
19.1696 18.9048 -0.19396 -0.29694 0.04321 -1.1735 -0.93519 -1.5852 -1.2295 -1.3329 1059
20.0444 19.1289 -0.12246 -1.1924 -1.0783 -0.26787 -0.77366 -1.3494 -0.19166 -0.64227 1060
18.8935 19.1057 -1.5715 -1.1318 -0.57657 -0.54919 -0.97089 -1.1738 -1.0996 -0.28568 1061
19.5607 18.4753 -0.8399 -0.40536 -1.4463 -1.1358 -0.53083 -0.56018 -0.49045 -0.77036 1062
20.0276 19.6644 -0.44631 -1.4277 -0.12302 -0.9267 -0.69607 -0.73239 -0.952 -1.392 1063
19.6941 19.1209 -0.6577 -0.66362 -1.0656 -1.1763 -1.6293 -0.31524 -0.37768 -0.41741 1064
19.9196 19.1831 -0.59431 -0.59412 0.27158 -1.6072 -0.56597 -0.054716 -0.24935 -0.98208 1065
19.5629 18.8923 -0.43833 0.18005 -0.49365 -0.5342 -1.0488 -0.81925 -1.2434 -0.56789 1066
19.4767 19.619 -1.8461 -1.0018 -1.0368 -0.06742 -0.51183 -0.7293 -0.90574 -0.52851 1067
18.9397 19.5217 -0.8913 -1.6311 -1.3731 -1.4757 -1.0634 -0.87819 -1.5054 -0.38043 1068
18.4226 19.0528 -0.84364 -0.3576 -0.77953 -1.4751 -0.63952 -0.84953 -1.4562 -0.81125 1069
18.9369 19.8264 -0.60591 -0.15351 -0.83732 -1.3308 -0.24658 0.64334 -0.20437 -0.31813 1070
19.0291 18.8069 -1.0833 -0.87519 0.03938 -0.35188 -0.67144 -1.3656 -1.0756 -1.2379 1071
19.1509 18.5433 -0.78602 -0.5718 -1.6979 -1.0062 -0.60283 -1.5836 -0.99092 -1.694 1072
17.6234 19.5249 -1.0292 -1.3471 -0.055341 -1.1499 -0.87795 -0.82656 -1.0019 -1.1642 1073
20.1817 19.3648 -0.21111 -1.3866 -0.84987 -0.72059 -0.90797 -1.1005 -1.0969 -0.43933 1074
19.175 19.8294 -0.11444 -1.5873 -0.32078 -1.225 -0.9019 -1.3329 -1.0291 -0.8399 1075
19.6284 20.666 -0.77369 -1.7243 -0.23852 -0.30194 -0.62376 -0.57467 0.17295 -1.1859 1076
19.8911 18.5698 -1.3307 0.011089 -1.206 -0.40222 -0.62345 -0.30767 -1.1641 -0.37152 1077
19.7886 19.6375 -0.76713 -1.4616 -1.3522 -1.1046 -1.1605 -1.1276 -2.0385 -0.77319 1078
19.6443 19.5917 -0.52242 0.28944 -1.5614 -0.99122 -0.90972 -1.7642 -0.53766 -0.63086 1079
18.1346 19.4367 -0.86556 -1.1296 -0.080747 -1.1804 -1.0604 -1.9166 -0.51362 -1.0738 1080
19.0834 19.4009 0.265 -0.099519 -0.98365 -1.4509 -0.87268 -0.77581 -0.93146 -1.4478 1081
19.2304 18.3667 -1.2454 -1.6862 -2.3111 -1.1557 -0.93533 -0.99543 -0.88962 -1.335 1082
19.0065 18.3138 -1.8123 -0.66154 -0.71208 -1.0272 -0.96195 -0.90984 -0.69143 -1.0793 1083
18.5788 18.0409 -0.42274 -1.4266 -2.008 -1.2676 -0.42734 -1.806 -1.028 -1.2325 1084
18.4705 18.7131 -1.3272 -0.58514 -0.14886 0.0044914 -0.9634 -0.70936 -1.2133 -0.19913 1085
19.5226 19.133 -0.99348 -0.48397 -1.3228 -1.4542 -0.79127 -0.30874 0.46389 -1.2601 1086
18.7446 19.2072 -1.1624 -1.1803 -1.268 -0.48113 -0.49253 -1.844 -0.65329 -0.47463 1087
19.1052 18.9467 -1.1228 -0.42942 -0.95347 -0.38138 -0.75783 -1.6243 -0.97742 -1.3062 1088
17.915 18.3922 -1.2558 0.19159 -1.0862 -1.4385 -0.45075 -0.59903 -0.30034 -0.20439 1089
19.8319 19.8156 -0.59349 -0.79 -0.88492 -0.83888 -0.33798 -1.2377 -0.392 -1.3367 1090
19.4204 19.0849 -1.279 -0.28097 -1.2243 -0.80493 -0.79461 -1.483 -1.0226 -0.41371 1091
19.1004 18.8374 -1.8999 -0.31316 0.03757 -0.73975 -1.9317 -1.0189 -0.1474 -2.0886 1092
19.1906 19.1096 -0.79492 -0.13399 -0.77817 -0.26763 -0.35305 -0.14974 -0.39705 -0.98747 1093
18.7909 18.891 -0.30559 -1.1637 -0.81319 -0.38886 -0.69086 -0.96539 -0.55822 -1.9126 1094
19.1224 17.6221 -1.414 -0.41822 -1.9603 -1.6074 -0.20567 -0.34772 -0.93558 -1.6127 1095
18.8103 19.4868 -0.57881 -0.77911 -1.4876 -1.2275 -1.3262 0.055849 -0.86294 -1.6438 1096
19.9715 18.5111 -0.72252 -0.2696 -0.84785 -0.25049 -1.2891 -0.49069 -0.07623 -1.5269 1097
19.0434 18.767 -0.49158 -1.4509 -1.0696 -0.30826 -1.7026 -1.143 -1.0115 -0.92234 1098
19.2223 19.7894 -1.584 -1.3949 -1.1093 -0.65702 0.31626 0.031983 -0.57966 -0.50208 1099
19.2809 18.2204 -0.17556 -0.83016 -2.0002 -0.54378 0.62152 -1.1929 -1.6057 -0.75399 1100
19.1687 20.0717 0.054678 -0.6262 -1.087 -1.4547 -0.7531 -1.3245 -1.0169 -0.22026 1101
19.287 20.0515 -1.0728 -0.42877 -0.43968 -0.4847 -0.58708 -0.00381 -0.94622 0.047021 1102
19.4327 19.4649 -0.37111 -0.89148 -1.165 -1.2307 -1.6127 -0.90566 -0.78541 -0.96636 1103
18.2694 19.5024 -1.039 -0.32987 0.29569 -0.22538 -0.82088 -0.29573 -0.32844 -0.9479 1104
19.2824 18.0351 -0.439 -0.50586 -0.94811 -0.3218 -2.0308 -1.4051 -0.61583 -0.39091 1105
19.5727 19.5725 -1.3029 -0.78099 -0.79651 -0.71171 -0.38103 -1.151 -0.49475 -1.0562 1106
19.3407 18.9908 -1.4726 0.047828 -1.6265 -0.82544 -0.82957 -0.64406 -1.7782 -0.81618 1107
19.4878 18.8451 -0.74911 -1.2909 -1.5501 -0.50301 -1.5947 -1.5185 -0.71146 -0.60738 1108
19.161 19.7566 -0.66092 -0.68347 -0.58245 -0.86154 -1.1233 -2.0795 -1.5574 -1.552 1109
18.2342 18.7807 -0.0099906 -1.9154 0.12673 -0.9875 -0.95842 -0.92834 -0.43045 -0.038434 1110
18.7591 19.3457 -0.26945 -1.4356 -0.87508 -0.63259 -2.0551 -0.56077 0.025604 -1.4476 1111
19.5169 19.2057 -0.65769 -1.1609 -0.82909 -0.70675 -0.27402 -0.55051 -1.0779 -0.1673 1112
19.3016 19.212 -1.444 -0.48346 -0.98394 -1.3225 -0.76485 -0.65996 -1.1946 -2.0098 1113
18.1658 20.4224 -0.54107 -1.9131 -0.20018 -0.36424 -0.47549 -0.65174 -1.3102 -1.2138 1114
20.0584 18.587 -1.748 -0.37493 -1.1735 -0.30689 0.317 -0.911 -0.83049 0.10794 1115
19.3151 20.0234 -1.4422 -1.3254 -0.50852 -0.94671 0.39206 -0.043917 -1.6112 -1.3396 1116
19.3987 18.2396 -0.85643 0.0036506 -1.5252 -1.4859 -0.72802 -0.56685 -1.0194 -1.3997 1117
18.9945 19.4537 -0.78505 -1.2189 -1.2883 -0.70025 -0.83581 -0.90266 -1.184 -1.3973 1118
19.8159 19.2653 -1.5608 -0.5725 -0.85323 -0.30329 -1.5384 -0.48055 -0.69358 -0.58932 1119
18.659 18.7722 -0.88972 -1.0492 -0.96856 -1.2543 -0.24531 -0.9249 -0.061965 -0.80349 1120
18.5116 19.0417 -1.1736 -0.28737 -0.74404 -0.56465 -1.4443 -0.74851 -0.63399 -1.3328 1121
18.2277 18.9787 -0.25633 -0.53595 -0.071021 -0.62078 -1.5919 -1.8084 -1.1036 -1.3102 1122
18.9859 18.5063 -0.78137 -0.68144 -0.71734 0.31145 -0.28484 -0.18358 -0.93905 0.12301 1123
18.2699 19.8131 -1.7296 -1.1962 0.08826 -0.40773 -0.9433 -0.22073 -1.474 -1.1096 1124
20.2575 19.4525 -1.192 -1.0499 -1.2714 -0.72837 -1.1924 0.37491 -1.6266 -1.1009 1125
19.8805 19.2392 -1.6295 0.3597 -0.81525 -0.5059 -0.23348 -0.1948 -1.0187 -0.87121 1126
17.7743 19.3445 -1.2348 -0.24769 -1.4595 -0.91993 -1.2695 -1.5126 -0.099536 -0.45662 1127
18.3138 18.9353 -1.2585 -1.6687 -0.93722 -0.84123 -1.6966 -0.19287 -0.29442 -0.68355 1128
19.8465 19.8558 -1.4813 -1.5548 -0.29924 -0.96559 -0.49464 -1.746 -0.34202 -1.6385 1129
18.966 19.3436 -0.40053 -0.97842 -1.3968 -1.1563 -1.0822 -0.92126 -1.3308 -1.0647 1130
18.5654 20.0075 -1.3978 -0.99336 -1.3729 -1.1238 -1.0451 -0.014049 -1.822 -0.55415 1131
19.9503 19.6852 -2.0104 -0.1919 -0.7051 -1.5927 -1.1272 0.23105 -1.1116 -0.28209 1132
19.6079 18.6603 -0.38807 -1.6814 -0.41512 -1.4094 -1.042 -1.4005 -1.1722 -0.87207 1133
18.8049 20.328 -1.0062 -1.6673 -2.0649 -0.96912 -1.3493 -1.0411 -0.79889 -1.5383 1134
19.2488 19.6271 -0.48007 -1.7532 -0.40237 -0.44706 -0.47208 -1.194 -0.68997 -1.0474 1135
18.8818 19.0935 -0.010911 -0.87088 -0.84341 -0.15509 -0.61349 -1.4953 -0.84463 -1.9335 1136
17.9439 19.5856 -1.2956 -1.581 -0.15332 -0.65823 -1.1458 -0.84321 -1.2245 -0.28619 1137
18.7081 18.7065 -1.3929 -0.46782 -1.2518 0.01079 -0.39595 -1.3959 -1.1154 -0.77655 1138
19.5191 19.8081 -0.80368 -1.0021 -1.4531 -1.0097 -0.34328 -1.7035 -0.75271 -0.32739 1139
18.8128 19.2075 -1.2147 -1.215 -0.15313 -1.3631 -1.5506 -0.71474 0.25193 0.064663 1140
18.8996 19.4506 0.24436 -0.51604 -0.61442 -0.58073 0.47163 -1.3432 -0.37302 -0.59588 1141
19.0544 18.921 -0.64487 -0.24558 -0.69614 -0.36246 -1.1276 -0.34074 -1.3589 -0.99086 1142
19.2689 19.6865 -1.7019 -1.3623 -0.50476 -0.87896 -0.79842 -0.64189 -0.41306 -1.034 1143
19.2207 19.9604 0.21556 -0.93417 -1.1827 -0.98602 -0.0035353 -2.1078 -0.53434 -0.6188 1144
19.5342 18.3014 -0.66499 -1.462 -1.705 -0.88873 -0.89093 -0.18704 0.091341 -0.78459 1145
19.304 19.5944 -0.40381 -1.1853 -0.27931 -1.9436 -0.22636 -0.52175 -1.1223 -0.59232 1146
18.8367 18.7896 -1.0419 -0.13383 -0.49961 -0.010747 -1.2477 -1.5565 -0.97007 -0.95724 1147
19.7084 20.0165 -1.2771 -0.95199 -0.34916 -1.1364 -1.2981 -0.57745 -0.17114 -0.31934 1148
18.8895 19.2895 -0.85285 0.30037 -0.8589 -0.47062 -1.184 -0.6462 -0.2735 -0.417 1149
19.2731 19.2946 -0.32192 -1.7547 -0.149 0.048365 -1.1203 0.010946 -0.51047 -1.3279 1150
19.0471 18.8572 -1.0134 -1.6374 -0.26058 -1.4197 -1.2072 -0.46935 -1.7585 -1.3046 1151
19.208 18.3077 -0.7172 -0.97269 -1.0166 -0.88509 -0.96079 -0.45608 -1.0645 -0.075768 1152
19.3122 19.6144 -0.88574 0.051645 -1.0988 -1.0609 -0.95402 -1.6461 -0.37501 -1.0577 1153
19.8048 19.3843 -0.32644 -0.83408 -0.95652 -1.0329 -0.58089 -0.92615 -0.17476 -1.0279 1154
18.5034 19.1361 -1.2405 -0.70956 -0.87635 -1.1584 -1.6822 -0.54572 -1.2973 -0.52179 1155
19.8554 20.0234 -1.213 -0.96102 -1.3191 -0.94468 0.24178 -2.0616 -1.117 -1.0641 1156
18.3851 19.5205 0.20267 -1.5354 -0.9134 -0.63872 -1.7124 0.29433 -1.094 -1.5732 1157
19.1139 19.1744 -1.7709 -0.49795 -0.097698 -0.9329 -1.5424 -0.17603 -1.6536 -1.3604 1158
19.3599 19.2052 -0.79925 -1.2952 -0.98649 -0.76485 -0.62081 -0.77472 -0.9184 -1.1448 1159
19.4117 19.7792 -0.62058 -0.56225 -1.7896 -0.32586 -1.4669 0.4963 -0.99681 -1.4499 1160
19.3448 20.4065 -1.6426 -0.97871 -1.1513 -1.4396 -0.86508 -0.32211 -1.466 -1.1378 1161
18.8731 18.5421 -1.1524 -1.5655 0.16949 -1.2619 -0.48791 -0.88598 -0.95146 -0.92804 1162
19.4474 18.8421 -1.5122 -0.65934 -0.97976 -1.4834 -1.178 -1.1105 -1.1879 -1.0368 1163
20.0072 19.4563 -1.259 -2.1381 -0.76282 -1.3819 -0.78763 -0.26517 0.46191 -0.68302 1164
18.8073 19.2225 -0.010082 -0.080012 -0.83793 -0.089535 -1.3689 -0.95683 -1.0426 -1.2923 1165
19.1307 19.2342 -0.83346 -0.49323 0.17891 -1.1206 -1.1574 -1.2119 -0.70983 -1.0931 1166
18.0354 18.5022 -0.69763 -1.5538 -1.5584 -0.3296 -1.4782 -0.048738 -0.78137 -1.3654 1167
20.4952 18.8093 -1.0232 -0.49866 -0.032118 -0.48265 0.65287 -0.84615 -1.1595 -0.59798 1168
19.0628 19.3298 -0.76516 -0.34836 0.37454 -1.1731 -0.93089 -0.84802 -1.2229 -0.6801 1169
19.4859 19.282 -0.12978 -0.46838 -0.45076 -1.0388 -1.2901 -0.76489 0.04237 -0.61169 1170
18.9827 19.2729 -0.38472 0.64567 -0.3585 -0.79668 -0.80974 -1.9193 -0.63102 -0.39956 1171
19.697 19.4524 -1.4295 -1.2577 -1.2723 -0.65533 -0.6129 0.23499 -0.34411 -0.64367 1172
19.6551 18.7533 -1.2828 -0.55399 -1.1753 -1.6995 -0.72033 -0.31526 -1.0364 -1.0332 1173
19.1922 20.0662 -1.0076 -1.4276 -1.356 -2.1995 -0.63037 -0.39681 -0.45181 -1.0883 1174
18.6881 20.0695 -1.7025 -1.1617 -1.1518 -0.98461 -0.84309 -0.52405 -0.96205 0.14924 1175
19.612 19.4819 -0.60155 -0.46995 -1.3485 -1.3697 -0.30608 -1.2294 -0.90758 -1.3281 1176
18.3675 19.3159 -1.2206 -0.60486 -1.0702 -1.7727 0.38179 -0.67198 -1.4986 0.051572 1177
19.7867 19.068 -0.54746 -0.36391 -1.8303 -0.75947 -0.96815 -1.2554 -0.1718 -1.7309 1178
19.045 19.469 -1.0292 -0.88735 -0.79624 -0.7015 -0.71368 -0.43758 -0.74218 0.26473 1179
19.8733 18.6672 -0.96359 -0.61988 -1.2644 -0.98745 -0.035 0.062964 -0.9931 -1.2951 1180
18.3493 20.0172 0.81566 -0.70825 -0.35432 -1.3743 -0.23864 -1.0981 -2.0899 -0.78664 1181
19.0271 18.5521 -0.90451 -1.2555 0.073146 -0.95605 -0.86357 -1.0068 -0.54933 -1.172 1182
19.4262 18.5966 -0.20258 0.28119 -1.0085 -0.59314 -1.4185 -0.8143 -0.72424 -0.70023 1183
19.5999 18.5154 -0.25246 -1.7261 -1.4945 -1.0034 -0.91147 -0.75711 -0.11317 -1.0713 1184
19.3313 18.0775 -1.5283 -1.2524 0.38725 -1.2784 -1.0491 -0.7842 -0.84815 -0.3358 1185
19.2131 19.0569 -0.35236 -0.72327 0.016975 -1.3513 -1.513 -0.24579 -0.31429 -2.1266 1186
20.874 20.9148 0.53358 0.78668 1.7498 0.85619 0.63151 0.83257 1.8081 0.56826 1187
20.5393 20.0769 0.33407 2.0825 0.67586 0.819 0.98299 0.49082 1.2589 0.71262 1188
21.0555 20.5854 0.41413 0.97699 0.54376 0.73054 -0.34004 1.0076 0.87 1.9118 1189
19.8156 20.6766 0.20356 1.6578 0.79633 0.96399 1.8431 0.3932 0.032205 0.021681 1190
19.8684 20.8762 0.89825 1.1418 0.97766 1.7093 1.6535 0.45042 1.1022 0.91285 1191
20.3668 20.7002 1.0507 0.75401 0.72852 1.9662 0.95519 1.3394 1.3218 2.0239 1192
20.5352 21.7011 1.4956 0.34054 1.1079 0.039401 1.4032 1.5258 1.1365 1.2149 1193
20.935 20.5372 0.81919 0.61488 0.81767 0.98973 1.4237 1.0426 0.90083 0.73336 1194
21.0169 20.9748 1.3864 0.12387 0.30707 1.3034 1.0268 1.1646 1.7336 0.84673 1195
21.7438 19.9376 1.8955 1.8735 1.2632 1.0341 0.88293 1.4748 0.046749 0.062875 1196
20.0733 20.2797 1.0983 0.31414 1.1678 1.4369 0.74523 1.2808 1.4808 0.28133 1197
21.0235 20.6065 0.86639 0.81815 -0.1684 1.0881 0.20808 0.10202 1.2075 0.97778 1198
21.0419 21.5727 1.0429 1.0323 0.46863 0.55671 0.60618 0.30446 0.64542 0.44752 1199
20.6982 21.2413 0.46168 0.82659 1.1006 0.91292 1.6272 1.3658 1.0122 0.55045 1200
19.8123 22.1098 0.4218 0.78345 0.6468 0.12096 0.31178 0.25993 1.1233 1.2549 1201
20.7654 20.8876 0.42706 0.90262 1.1729 1.3221 -0.20248 1.1181 1.2933 1.1442 1202
19.7809 21.3423 1.5455 0.92814 0.42373 1.2399 -0.16082 1.7339 1.2622 1.2041 1203
20.9949 20.8326 0.45447 0.69301 0.97109 0.90506 0.67961 0.16947 0.68918 1.1537 1204
20.705 20.3375 1.0946 0.27734 1.077 0.70912 0.56728 0.97044 1.0487 1.5005 1205
20.6805 20.3396 1.2969 0.92734 1.3156 0.10688 1.1634 0.72967 0.3182 1.3139 1206
21.1881 20.5921 1.557 1.4353 0.36029 0.062149 1.1793 1.6711 0.6977 0.6106 1207
21.0036 20.8954 1.1451 0.38061 0.83575 -0.30526 0.94822 0.83228 0.65113 1.0358 1208
21.3782 21.2706 1.9339 0.39469 0.62108 0.79602 0.206 1.4577 0.76655 0.66539 1209
20.4821 20.6621 0.93885 1.2291 0.54532 1.8718 0.64856 0.12393 0.54762 0.18772 1210
20.6271 21.7402 0.62564 0.56659 1.33 1.6892 0.63379 0.78376 1.7457 -0.13366 1211
20.8669 20.7366 0.62278 0.79655 1.4477 -0.35468 0.28853 0.46544 1.3266 1.0018 1212
20.7869 20.8713 1.1248 0.81927 1.1575 0.6268 1.1654 0.28195 1.0772 1.3565 1213
20.6442 21.3645 0.28186 0.76164 1.0783 0.96123 0.5106 1.1866 1.6463 0.48056 1214
21.6919 21.6739 -0.0082496 0.78844 1.557 0.17112 0.68431 0.5225 0.32991 0.71255 1215
21.1626 20.8214 0.28673 -0.29391 0.93763 -0.09365 0.47314 0.85321 0.74487 0.58675 1216
20.8583 21.3407 1.1053 0.68002 1.0587 0.88315 2.0914 1.9005 0.78043 1.0749 1217
20.8024 20.2982 0.5432 0.78922 1.4967 1.1568 0.9328 0.83611 0.95746 0.046696 1218
21.1782 21.0544 0.45909 0.18359 1.6493 1.2457 0.93635 0.84357 0.91767 0.44705 1219
21.2974 20.8327 0.43564 0.67266 1.347 0.35847 0.83026 0.89982 -0.17507 0.96291 1220
20.6424 19.8325 -0.049456 1.2822 0.34389 0.75444 1.3647 0.34445 1.5316 0.5709 1221
19.9792 20.4084 1.7663 1.3087 0.6664 -0.0092224 0.39018 1.3833 0.75273 0.21249 1222
20.3321 21.5442 1.0686 0.42338 1.114 0.89058 0.70023 0.4808 1.2623 1.3297 1223
20.036 20.6136 0.94217 0.18696 1.7555 1.275 0.87717 0.60809 0.74331 0.73139 1224
20.6527 21.0192 0.77191 0.13654 0.83043 0.35075 2.1007 1.5664 1.2454 1.1348 1225
20.4068 20.6801 0.69429 0.91067 -0.29882 0.29129 0.97045 0.53199 0.68172 1.0342 1226
21.3402 19.8469 0.27981 1.0673 1.6786 0.85236 1.4753 1.2412 1.3343 0.20696 1227
21.4447 21.4086 0.42384 0.6051 0.18645 0.83468 0.913 0.83823 1.1668 1.063 1228
20.4567 22.2348 1.1826 2.3066 1.2811 0.88299 0.26096 0.32154 0.8835 0.13861 1229
21.1576 19.7867 0.59365 1.9319 1.0956 0.97284 -0.24445 0.60908 0.47096 0.66473 1230
21.4884 21.5903 0.9199 -0.29041 0.59603 1.748 1.3494 1.5825 1.5688 0.51167 1231
20.632 19.694 0.69833 0.29132 1.0908 0.53386 -0.0061166 1.5503 1.2814 1.7332 1232
21.575 21.6285 0.86105 1.5087 0.44492 0.49585 1.1206 1.0362 0.68614 0.62415 1233
20.5121 20.5494 0.90752 0.31227 0.77279 0.83952 1.1708 0.16037 1.7907 0.52464 1234
20.971 20.8094 0.86013 0.79233 1.8003 0.86833 0.74947 0.031383 -0.32853 1.062 1235
20.6269 20.9579 0.37006 1.3027 0.94385 0.61901 0.15223 0.75705 1.4563 0.38517 1236
20.2193 20.4607 1.3505 0.73308 1.0111 1.3789 1.0028 2.0007 0.72721 0.59486 1237
21.1343 20.2754 1.0592 1.1362 0.41105 1.7622 -0.15776 0.04314 1.2005 1.2478 1238
21.342 20.9998 0.84517 0.84618 0.7773 0.79441 0.11578 1.4458 0.85633 1.0091 1239
21.587 20.9132 0.55389 2.0296 1.1629 0.4732 0.96701 1.6677 0.59128 0.94072 1240
21.5786 20.9562 2.2996 0.70893 -0.025768 1.5789 1.1537 -0.15864 0.57905 1.2046 1241
20.1281 20.2867 0.97147 0.5249 0.60741 1.3497 0.38596 2.1815 0.85129 1.3529 1242
20.6577 20.1887 0.64922 1.7938 0.29682 1.123 0.79055 0.16277 0.25977 0.54482 1243
21.1861 21.1339 0.37869 0.76782 0.44259 1.7256 1.0725 1.095 1.5253 1.0205 1244
21.058 20.9144 0.38392 0.55477 0.76534 1.0598 1.5135 1.1163 0.53269 0.22449 1245
20.9813 20.4058 0.98821 1.6473 0.22788 1.9779 0.76888 1.0995 0.36027 0.26821 1246
20.7086 22.1869 1.9802 0.69153 0.29696 0.1891 1.3249 0.29553 0.55363 0.47857 1247
21.5889 21.455 0.36348 0.11636 0.51162 1.0791 0.727 -0.91609 0.85323 0.83399 1248
21.127 21.9384 0.77796 0.92633 1.8329 0.86777 0.96844 0.81851 0.76172 0.51616 1249
21.4291 21.1625 0.84576 0.43748 0.27801 0.38921 1.4186 0.89873 0.27776 1.6129 1250
20.4383 20.4061 1.2213 1.5717 0.50786 1.2421 0.86341 0.65354 0.47889 1.0671 1251
21.1974 20.8833 -0.049029 0.47791 0.1852 1.6937 -0.45016 0.63871 1.2811 1.2586 1252
20.4555 21.8035 1.395 1.7058 0.8461 1.4024 2.0481 0.90474 0.78204 1.7301 1253
19.9406 21.1971 0.50876 1.2023 0.27268 0.20357 0.087119 1.8723 1.1937 1.1378 1254
21.1966 21.1654 1.3441 0.69673 0.47561 0.38105 -0.2171 0.9617 0.29375 2.2606 1255
20.1713 20.8977 0.63836 1.0521 0.63523 0.91247 1.3053 0.28532 0.65249 0.80496 1256
21.0491 20.4354 1.0235 1.8285 0.55511 0.59896 0.24603 1.1066 -0.014758 0.15052 1257
20.3412 21.1482 0.77467 0.65427 -0.016668 0.94461 0.51505 1.2069 -0.13639 0.84795 1258
21.3252 20.3679 0.19509 1.5173 0.39175 0.87902 1.0111 2.0773 0.24756 1.0784 1259
20.5607 19.1767 1.0624 1.5061 0.98945 0.61884 0.89208 0.76554 0.040766 0.65094 1260
20.7727 22.2555 0.57031 0.86542 -0.038004 0.57174 0.52534 1.2036 1.3089 1.2717 1261
20.0889 20.6533 0.31977 0.91858 1.0321 1.4534 0.37907 0.46767 1.2362 1.0675 1262
20.0559 20.8668 1.3499 0.77514 0.88142 0.25531 0.19622 0.55681 0.44256 1.1142 1263
21.8128 21.1577 0.2723 0.26998 0.47247 0.678 1.7095 0.25372 1.8189 1.2017 1264
21.2922 20.4381 0.049157 1.2141 1.841 0.94205 1.1668 1.2312 1.2151 0.69791 1265
20.4961 20.6452 0.81173 -0.050022 1.0769 0.36598 0.52657 0.38793 0.5173 1.5991 1266
20.7799 21.4911 0.75195 0.56321 1.6178 0.83649 0.16342 0.85089 1.0612 1.0147 1267
21.6798 21.0035 0.6193 -0.039211 0.65964 1.3326 1.0893 1.0635 1.5113 0.16382 1268
21.635 20.1195 0.78955 1.1181 0.96269 0.29688 0.0093137 0.78908 0.86081 1.3078 1269
20.7286 20.7596 0.33733 1.1568 0.58172 1.6742 0.69844 0.32229 0.99881 1.5123 1270
20.8029 19.4234 1.2896 0.74742 1.2767 1.2633 1.2461 0.84367 0.17289 0.12241 1271
20.6283 20.7207 0.36745 1.2649 0.71338 0.5551 0.35797 1.0853 1.3096 1.1255 1272
20.8453 21.31 0.7442 0.70072 0.71621 0.59987 0.24767 0.99688 0.43876 1.3464 1273
21.5692 20.6849 1.2424 0.63531 1.0102 0.9399 1.3667 0.78853 2.0481 1.3302 1274
21.4503 20.727 1.773 0.5387 1.0726 -0.086043 0.89913 0.73798 1.2025 0.022695 1275
19.7406 20.274 0.87877 0.6406 0.31368 0.52531 -0.053133 0.62387 1.2104 1.6547 1276
20.8558 20.6742 0.87096 0.86297 -0.011466 1.1861 0.61527 0.29652 0.33026 0.96509 1277
21.5505 20.7993 0.11405 0.70114 0.91009 -0.18957 0.91218 1.3825 1.1838 0.56115 1278
20.9499 20.3187 1.5673 1.0241 0.5868 0.44587 1.5074 1.2097 0.7485 1.4502 1279
18.9299 20.356 0.63372 0.37702 0.18006 0.36764 1.1701 0.78069 1.4208 0.42539 1280
19.5047 21.2497 0.69894 1.079 -0.17469 -0.063041 0.011333 0.93252 1.1053 0.57338 1281
21.0866 19.9363 0.44493 1.313 1.0198 -0.003546 0.36773 0.70534 0.8897 1.6023 1282
21.039 20.3658 1.1275 0.33373 2.1191 1.378 0.31008 1.1296 1.2693 0.59083 1283
21.8576 20.8256 0.52344 0.95858 0.64461 1.2449 0.53761 0.91328 -0.21554 0.98558 1284
21.3524 20.9729 1.3531 0.23865 0.27096 0.40333 0.94934 1.0332 0.52395 0.52925 1285
21.9452 20.0509 1.0463 0.72014 0.90658 0.67918 1.5072 1.0066 0.47346 0.75181 1286
20.8431 21.4754 1.2964 -0.029032 0.67291 0.61945 1.311 0.023352 0.97689 0.89685 1287
21.0638 21.2043 0.60925 1.5525 0.52725 1.2008 1.6076 -0.32518 1.1989 2.4947 1288
21.059 20.0683 0.58647 0.68154 1.1921 0.37849 0.93333 1.8324 0.54575 0.73184 1289
21.0279 20.9217 1.0992 0.91163 0.49928 1.5852 1.8142 1.1771 1.2188 1.3009 1290
20.892 20.9036 0.98046 0.46421 1.1958 0.35827 0.83932 0.68699 1.0174 -0.089215 1291
19.978 20.9525 2.0984 0.44631 0.99905 1.4692 0.35037 0.7261 0.20943 1.2212 1292
20.1665 21.1209 0.46645 1.1212 1.1596 0.70561 1.5594 1.0649 1.6237 0.66501 1293
21.25 20.2176 1.9544 0.63692 0.82892 0.93977 1.0573 0.50023 0.83477 1.396 1294
21.2457 19.8684 1.2096 0.27871 1.5131 0.22687 1.1458 -0.14049 0.69725 0.65285 1295
21.3031 20.6123 -0.41945 0.53527 0.71352 0.73874 1.0378 0.64094 -0.27476 1.81 1296
19.8804 21.2351 0.63373 0.43659 1.9948 1.3207 0.93899 1.4654 1.3425 1.1875 1297
21.5256 20.4771 0.59829 1.2348 0.018778 0.56448 0.47081 1.2857 0.15359 1.2581 1298
20.9419 20.9721 1.0118 0.68359 1.531 1.6559 0.4145 0.93965 1.0109 1.5557 1299
21.1271 21.4986 0.78193 0.32003 0.6459 0.51031 0.076622 -0.052459 1.2093 0.70569 1300
20.8395 21.7075 2.1835 0.50294 0.9187 -0.25533 1.1936 0.5713 0.16297 0.76776 1301
20.7171 19.9085 1.5193 1.2288 1.0949 0.14035 0.75126 0.83956 1.2549 0.90792 1302
21.0733 21.5342 0.95244 0.81176 1.5848 1.1569 0.86266 1.3242 2.1229 0.48449 1303
20.4868 20.9612 0.41152 1.3403 0.36473 1.3272 1.0799 -0.43268 1.3841 1.0409 1304
20.6062 20.1128 1.8054 1.2253 1.1594 0.76927 1.5466 1.1404 0.91246 0.37857 1305
21.0699 21.8511 1.499 0.45171 1.4281 1.0981 0.57209 0.65479 1.3486 0.95749 1306
20.8783 21.0845 -0.76995 0.26159 0.80245 1.5312 0.98152 0.70322 0.29126 1.4527 1307
20.6636 19.9203 1.6556 0.80366 1.0432 1.3781 0.76743 0.8705 0.38716 0.47968 1308
20.989 20.9551 0.7719 0.74937 1.5069 1.6065 -0.12295 1.3307 0.56863 1.0065 1309
21.5537 20.8538 1.1323 0.82195 1.3872 1.5716 0.36113 0.8589 1.4378 0.88149 1310
20.8758 21.007 0.34753 1.0048 1.305 1.2332 1.3667 1.3869 0.55486 0.71853 1311
20.6124 20.176 0.55263 -0.18564 -0.15956 0.5513 0.054591 -0.047466 0.71397 0.94338 1312
20.4525 21.3631 0.86988 1.1995 0.89283 0.41726 1.2754 0.60712 0.33672 1.605 1313
20.883 20.7215 0.51159 0.4474 0.11695 0.7394 0.064806 -0.34029 0.90939 -0.69083 1314
20.1235 21.5196 1.4231 0.49349 0.77647 1.7041 1.1379 0.94669 1.0317 0.17912 1315
19.8838 20.1581 1.8809 1.8047 1.6032 0.50405 0.60166 0.97195 0.27953 0.95072 1316
20.6373 21.6407 1.418 1.2783 1.1814 0.15626 1.1636 0.22798 1.2833 2.2229 1317
21.2473 20.7492 0.97088 1.2137 1.2586 1.0522 1.4248 0.28717 0.71418 1.01 1318
21.1962 21.0196 -0.25868 -0.19451 0.23513 1.6101 1.2469 0.46262 0.48304 1.2914 1319
20.0222 20.045 0.48524 0.38624 0.58661 0.86755 0.87018 0.6493 0.67919 0.47518 1320
21.2716 21.2307 1.2358 1.6488 1.1768 0.8292 1.8034 0.75328 0.73065 1.2083 1321
20.9726 21.08 0.32094 1.4414 0.77551 2.063 2.4152 1.6255 0.22739 0.33056 1322
21.6521 20.1536 0.70126 0.5557 0.32289 1.0558 0.70311 1.4799 0.97853 0.80408 1323
20.0418 20.3865 0.064308 0.28449 0.17513 0.69164 1.8551 1.0401 1.0175 0.66635 1324
20.0662 20.1731 0.73384 0.40316 0.69355 -0.70414 0.83459 0.26105 0.59469 0.6728 1325
21.0159 21.4064 0.80535 0.69886 1.6918 0.43625 -0.057701 0.98661 0.74688 0.3289 1326
20.3164 21.5914 0.22045 0.86556 2.1883 1.1909 0.90349 0.21454 0.02407 0.70337 1327
21.4411 21.9366 0.84777 0.40477 0.60249 0.80693 0.83547 0.4591 0.67495 1.0731 1328
20.317 20.5181 1.4372 0.99049 0.56259 0.42274 1.6507 0.0948 0.97511 0.88625 1329
21.2353 21.3781 0.46008 1.7581 0.7561 1.3255 1.4351 1.7844 1.3532 0.087959 1330
20.0965 21.2683 1.072 2.0262 1.2831 0.63755 0.73332 1.7533 1.0863 0.52044 1331
20.5732 20.6186 1.9919 1.1661 0.768 -0.20825 0.65544 1.2615 -0.070564 0.13866 1332
21.2576 21.0093 0.40214 0.62002 1.7856 0.59121 -0.34037 0.27742 1.6125 0.76766 1333
20.8757 21.5311 0.8588 0.57294 0.47842 1.3365 0.58579 0.25405 1.0331 1.193 1334
21.3343 20.7255 0.70062 -0.39322 0.531 0.59232 0.88364 1.6571 0.7362 0.46629 1335
21.07 20.6775 0.95598 0.56883 0.69683 0.5662 0.9305 0.021931 -0.11797 0.74418 1336
20.3572 20.4409 1.2325 1.8206 0.11956 0.6004 0.52944 1.1931 0.71755 0.46724 1337
20.9166 21.3413 0.17676 0.76752 0.61826 0.61951 0.62826 1.8508 0.90782 0.8667 1338
22.0517 20.9248 0.028639 -0.13063 0.57442 0.27869 -0.10025 1.5928 0.65671 1.1157 1339
21.3825 20.3058 2.5291 1.4002 1.3353 0.95495 1.4349 0.42442 1.0704 0.19325 1340
21.1657 19.9055 0.60612 0.2533 -0.075071 1.2733 0.10962 1.1925 0.88062 1.7164 1341
20.9012 20.3014 0.51718 -0.18299 0.84334 0.85606 1.4389 0.4681 0.76842 0.60325 1342
19.9087 20.7129 0.44496 -0.28056 0.63596 0.82722 1.693 0.55743 0.60742 -0.15146 1343
21.181 20.2245 0.96622 1.5613 1.071 0.39467 0.8946 0.39202 0.93606 1.4278 1344
19.3611 21.3937 0.53089 1.1387 0.70534 1.4268 -0.36909 1.0572 0.57271 0.51071 1345
20.6864 20.1115 1.5388 1.4525 0.079111 0.54124 0.2278 0.60754 0.10183 0.69071 1346
21.9431 21.167 0.68114 1.2233 1.2271 0.51299 0.94706 -0.045273 0.50647 0.3909 1347
20.913 20.9927 0.61811 1.5689 0.35932 1.1192 1.7604 1.1056 1.0211 0.49794 1348
20.4877 20.2543 0.43529 0.80162 1.6891 1.4671 1.4126 0.60658 1.2257 1.417 1349
20.8788 21.1942 0.88425 0.89807 0.54108 1.248 1.146 1.3797 1.6152 1.0662 1350
20.6549 20.753 1.0696 1.0772 1.4914 1.9298 0.80453 0.097613 1.0518 0.63995 1351
21.0853 20.0006 0.38467 1.338 0.36254 1.0037 0.97876 1.3248 1.1014 0.62456 1352
21.1996 20.9794 0.89636 0.38965 0.13863 0.46039 0.96878 1.0328 1.0274 0.46696 1353
20.5638 20.7419 0.28901 0.04667 0.48792 1.2566 0.70265 0.16504 0.8285 1.1978 1354
19.7404 20.0091 1.1185 0.70016 -0.15513 1.7342 0.47178 -0.16168 1.5036 0.35859 1355
21.393 20.7431 0.75413 0.67566 1.6977 1.0301 0.87341 0.10736 0.78329 0.041984 1356
14.8522 37.0181 -2.6021 -0.28253 0 0 0 0 0 0 1357
8.4155 37.5811 -1.9806 -0.55084 0 0 0 0 0 0 1358
10.0658 37.2974 -1.7735 -1.4913 0 0 0 0 0 0 1359
7.4046 37.3708 -2.3013 -0.50342 0 0 0 0 0 0 1360
8.0794 37.1693 -1.0833 -1.1525 0 0 0 0 0 0 1361
14.6785 37.0157 -1.4767 -0.67573 0 0 0 0 0 0 1362
8.3434 37.3873 -1.6881 -1.3996 0 0 0 0 0 0 1363
11.5077 37.0418 -1.8904 -0.76122 0 0 0 0 0 0 1364
12.5035 36.5021 -1.1597 -0.52332 0 0 0 0 0 0 1365
8.4582 36.8941 -2.0729 -0.60961 0 0 0 0 0 0 1366
12.6763 37.2356 -1.7922 -0.031322 0 0 0 0 0 0 1367
11.7105 36.6854 -1.5649 -0.83092 0 0 0 0 0 0 1368
7.9994 36.8227 -1.9977 -0.95696 0 0 0 0 0 0 1369
10.9423 36.7784 -1.6243 -1.1585 0 0 0 0 0 0 1370
9.8088 37.1934 -1.8208 -1.497 0 0 0 0 0 0 1371
8.2784 36.9998 -1.7729 -0.67184 0 0 0 0 0 0 1372
8.6077 37.141 -1.3431 -1.3644 0 0 0 0 0 0 1373
9.0694 38.6332 -1.4011 -1.3017 0 0 0 0 0 0 1374
12.9557 36.9861 -1.8186 -1.7193 0 0 0 0 0 0 1375
9.802 37.2798 -2.5625 -0.98547 0 0 0 0 0 0 1376
10.8645 37.2679 -2.4432 -0.71323 0 0 0 0 0 0 1377
12.9923 37.0041 -1.7081 -1.6891 0 0 0 0 0 0 1378
8.1736 36.7509 -1.6257 -0.88277 0 0 0 0 0 0 1379
8.4132 36.4632 -1.2937 -0.89976 0 0 0 0 0 0 1380
13.945 37.2467 -2.2315 -0.94111 0 0 0 0 0 0 1381
10.5309 36.9134 -1.1404 -0.79463 0 0 0 0 0 0 1382
10.4533 37.5018 -1.8928 -0.96052 0 0 0 0 0 0 1383
13.7867 37.5091 -1.0623 -0.83034 0 0 0 0 0 0 1384
9.9455 36.7833 -1.3091 -0.66113 0 0 0 0 0 0 1385
14.1493 36.6852 -1.5817 -1.605 0 0 0 0 0 0 1386
9.4184 37.196 -1.5647 -2.2963 0 0 0 0 0 0 1387
14.0947 37.3811 -1.2017 -1.011 0 0 0 0 0 0 1388
12.8879 37.3093 -2.2149 0.23719 0 0 0 0 0 0 1389
10.6442 37.2269 -2.2076 -2.3073 0 0 0 0 0 0 1390
9.7166 36.9859 -1.6684 -1.0169 0 0 0 0 0 0 1391
11.5402 37.1479 -1.2257 -0.069143 0 0 0 0 0 0 1392
14.2777 37.7576 -1.906 -0.91491 0 0 0 0 0 0 1393
10.3383 37.8788 -2.3631 -0.69149 0 0 0 0 0 0 1394
8.0469 37.2759 -1.7469 -0.22244 0 0 0 0 0 0 1395
14.3722 37.4158 -1.9627 -2.3716 0 0 0 0 0 0 1396
13.44 37.7302 -2.3624 -2.2298 0 0 0 0 0 0 1397
9.9581 36.9831 -2.043 -1.4263 0 0 0 0 0 0 1398
6.1367 37.4934 -1.6021 -1.5651 0 0 0 0 0 0 1399
9.5339 37.0075 -2.1725 -1.0494 0 0 0 0 0 0 1400
13.9027 37.5074 -1.7781 -0.57171 0 0 0 0 0 0 1401
9.6579 36.5388 -1.2809 -2.9274 0 0 0 0 0 0 1402
9.9925 36.7767 -2.1694 -1.9033 0 0 0 0 0 0 1403
9.7707 37.3947 -1.7938 -0.78846 0 0 0 0 0 0 1404
8.8511 37.137 -1.2256 -1.111 0 0 0 0 0 0 1405
8.228 36.806 -1.6104 -0.66931 0 0 0 0 0 0 1406
11.2782 36.8414 -2.0424 -1.3804 0 0 0 0 0 0 1407
12.7406 37.722 -1.7941 -1.1587 0 0 0 0 0 0 1408
13.2469 37.3873 -1.433 -1.6526 0 0 0 0 0 0 1409
10.6942 37.2625 -1.8219 -2.2802 0 0 0 0 0 0 1410
10.8507 37.9055 -1.6026 -1.5509 0 0 0 0 0 0 1411
13.9555 37.8435 -1.9315 -1.8733 0 0 0 0 0 0 1412
12.4097 37.5185 -0.88527 -0.32389 0 0 0 0 0 0 1413
8.8123 36.1639 -0.9845 -1.375 0 0 0 0 0 0 1414
13.2245 36.6581 -2.1831 -0.6118 0 0 0 0 0 0 1415
8.9648 36.9424 -1.4533 -0.54716 0 0 0 0 0 0 1416
7.8048 38.0543 -1.3346 -0.49762 0 0 0 0 0 0 1417
10.1109 37.0425 -1.6276 -1.2118 0 0 0 0 0 0 1418
10.0109 37.539 -1.5446 -0.69133 0 0 0 0 0 0 1419
13.4139 37.2255 -0.8809 -0.92008 0 0 0 0 0 0 1420
8.9547 37.8453 -2.067 -0.79072 0 0 0 0 0 0 1421
8.0891 36.7723 -1.872 -1.4196 0 0 0 0 0 0 1422
10.782 37.2459 -1.847 -0.67149 0 0 0 0 0 0 1423
9.1275 37.5447 -2.125 -1.1336 0 0 0 0 0 0 1424
8.1153 37.5083 -1.6228 -0.72782 0 0 0 0 0 0 1425
7.2083 37.4663 -2.0936 -1.6272 0 0 0 0 0 0 1426
11.6688 36.138 -1.9565 -0.64519 0 0 0 0 0 0 1427
13.6051 37.1007 -1.8008 -0.12048 0 0 0 0 0 0 1428
13.0974 36.8866 -0.99512 -1.0925 0 0 0 0 0 0 1429
15.6808 37.6694 -1.1819 -1.2954 0 0 0 0 0 0 1430
8.1148 37.7201 -1.6115 -0.6145 0 0 0 0 0 0 1431
8.7777 36.6273 -2.5414 0.033571 0 0 0 0 0 0 1432
7.8886 36.6387 -1.2067 -2.4055 0 0 0 0 0 0 1433
12.4247 36.6878 -2.3694 -1.0987 0 0 0 0 0 0 1434
8.5667 37.038 -1.2593 -1.6716 0 0 0 0 0 0 1435
14.1511 36.7056 -1.7042 0.061451 0 0 0 0 0 0 1436
14.3253 37.6049 -1.6558 -0.81051 0 0 0 0 0 0 1437
10.5074 36.5608 -2.3972 -0.10585 0 0 0 0 0 0 1438
10.7104 36.2341 -2.1613 -0.28748 0 0 0 0 0 0 1439
8.5853 36.4382 -1.2445 -1.3099 0 0 0 0 0 0 1440
6.6228 40.176 -1.7013 -0.58159 0 0 0 0 0 0 1441
7.571 37.844 -1.7797 -0.92265 0 0 0 0 0 0 1442
6.4286 41.3166 -1.6186 -1.1961 0 0 0 0 0 0 1443
6.8113 41.0786 -1.8599 -0.37067 0 0 0 0 0 0 1444
7.9379 38.9566 -1.7209 -0.72654 0 0 0 0 0 0 1445
7.8531 38.6673 -1.5361 -1.3354 0 0 0 0 0 0 1446
6.8776 40.6691 -1.9452 -0.67229 0 0 0 0 0 0 1447
7.3516 39.4747 -2.0159 -1.2444 0 0 0 0 0 0 1448
7.1192 39.51 -1.8056 -1.1809 0 0 0 0 0 0 1449
7.3852 41.4122 -1.9516 -0.9415 0 0 0 0 0 0 1450
7.3768 39.8105 -1.4747 -0.9925 0 0 0 0 0 0 1451
6.744 38.3973 -1.8022 -1.1288 0 0 0 0 0 0 1452
7.2708 41.2521 -1.5518 -1.4522 0 0 0 0 0 0 1453
7.3226 41.5456 -1.6637 -1.3124 0 0 0 0 0 0 1454
7.5056 40.8413 -2.1097 -1.3208 0 0 0 0 0 0 1455
7.2127 40.6066 -1.4844 -1.0077 0 0 0 0 0 0 1456
7.5031 41.0246 -2.0145 -1.053 0 0 0 0 0 0 1457
7.2148 37.6951 -1.513 -1.1205 0 0 0 0 0 0 1458
7.4067 37.4155 -1.7343 -0.77841 0 0 0 0 0 0 1459
6.9365 38.8364 -1.6156 -0.54061 0 0 0 0 0 0 1460
6.6917 41.3189 -1.5614 -0.4707 0 0 0 0 0 0 1461
7.1647 40.8598 -1.5024 -0.49898 0 0 0 0 0 0 1462
7.4125 40.6726 -1.6604 -1.0225 0 0 0 0 0 0 1463
7.0836 38.9344 -1.8436 -1.283 0 0 0 0 0 0 1464
6.4796 39.8219 -1.9648 -1.0676 0 0 0 0 0 0 1465
7.2639 40.1491 -1.6653 -0.87175 0 0 0 0 0 0 1466
7.0923 38.7803 -1.8695 -1.4032 0 0 0 0 0 0 1467
6.8106 38.7709 -1.7733 -1.1571 0 0 0 0 0 0 1468
6.7331 40.52 -1.9617 -0.1452 0 0 0 0 0 0 1469
6.7813 40.8875 -1.6024 -1.1194 0 0 0 0 0 0 1470
6.8864 36.6509 -1.6484 -0.91843 0 0 0 0 0 0 1471
6.8369 39.7441 -1.7307 -1.5502 0 0 0 0 0 0 1472
7.2802 37.6961 -1.4936 -0.93169 0 0 0 0 0 0 1473
6.4335 38.222 -1.3601 -0.88689 0 0 0 0 0 0 1474
7.1987 39.3382 -1.5596 -0.9324 0 0 0 0 0 0 1475
7.717 37.9195 -1.8568 -0.63308 0 0 0 0 0 0 1476
7.0153 38.4225 -1.7158 -1.0397 0 0 0 0 0 0 1477
6.9795 39.7474 -1.81 -1.1428 0 0 0 0 0 0 1478
7.2646 40.6743 -1.7658 -0.93016 0 0 0 0 0 0 1479
7.7294 38.7919 -1.6633 -1.403 0 0 0 0 0 0 1480
7.3621 38.996 -1.6376 -0.87583 0 0 0 0 0 0 1481
7.2368 41.016 -1.8884 -0.40725 0 0 0 0 0 0 1482
6.9946 37.9557 -1.8087 -1.1333 0 0 0 0 0 0 1483
6.9763 41.5678 -2.1486 -0.74082 0 0 0 0 0 0 1484
7.1109 40.2135 -1.6431 -0.41357 0 0 0 0 0 0 1485
7.1192 38.4042 -1.8522 -1.2685 0 0 0 0 0 0 1486
7.1569 38.8325 -1.1909 -1.2941 0 0 0 0 0 0 1487
7.2116 41.5644 -2.2045 -1.0417 0 0 0 0 0 0 1488
7.7633 38.3836 -1.6058 -0.44273 0 0 0 0 0 0 1489
7.2315 40.3821 -1.7899 -1.0056 0 0 0 0 0 0 1490
6.7716 39.8148 -1.8288 -0.8905 0 0 0 0 0 0 1491
7.526 40.1008 -2.0495 -1.3509 0 0 0 0 0 0 1492
7.1051 40.0971 -1.7229 -0.46809 0 0 0 0 0 0 1493
7.4387 37.5532 -2.0505 -0.51873 0 0 0 0 0 0 1494
7.3495 40.5666 -1.6071 -1.0986 0 0 0 0 0 0 1495
7.5654 38.7856 -1.722 -0.61947 0 0 0 0 0 0 1496
6.285 37.7165 -1.6367 -0.80591 0 0 0 0 0 0 1497
7.1923 38.0842 -1.7877 -1.1466 0 0 0 0 0 0 1498
7.1466 37.4951 -1.7277 -0.82185 0 0 0 0 0 0 1499
6.7206 38.2935 -2.0128 -1.5671 0 0 0 0 0 0 1500
6.7792 39.9043 -1.5723 -0.70909 0 0 0 0 0 0 1501
7.3249 39.9749 -1.7751 -1.0784 0 0 0 0 0 0 1502
7.3651 39.15 -1.9138 -0.68353 0 0 0 0 0 0 1503
6.8295 37.6129 -1.6455 -0.95256 0 0 0 0 0 0 1504
6.9415 39.6042 -1.5183 -0.24664 0 0 0 0 0 0 1505
7.2985 39.7853 -1.7414 -0.66278 0 0 0 0 0 0 1506
7.4948 40.9929 -1.7239 -1.0286 0 0 0 0 0 0 1507
7.1465 38.8343 -1.8454 -0.92082 0 0 0 0 0 0 1508
7.4276 38.8519 -1.6891 -1.0301 0 0 0 0 0 0 1509
6.542 37.3269 -1.6678 -0.90039 0 0 0 0 0 0 1510
7.4496 40.2475 -1.4104 -0.90732 0 0 0 0 0 0 1511
7.7228 40.8375 -1.6034 -0.90595 0 0 0 0 0 0 1512
7.0336 38.9468 -1.6731 -0.89159 0 0 0 0 0 0 1513
7.8146 39.3422 -2.0403 -1.2801 0 0 0 0 0 0 1514
7.0659 39.3117 -1.6997 -0.99512 0 0 0 0 0 0 1515
6.8788 38.1599 -2.116 -0.94593 0 0 0 0 0 0 1516
7.2688 39.4859 -1.5293 -0.76558 0 0 0 0 0 0 1517
6.6426 41.6748 -1.9579 -0.89115 0 0 0 0 0 0 1518
7.045 39.7167 -1.7001 -1.3617 0 0 0 0 0 0 1519
7.4233 40.8007 -1.966 -0.92913 0 0 0 0 0 0 1520
6.9268 37.718 -1.593 -0.79593 0 0 0 0 0 0 1521
6.2726 37.5898 -1.6205 -0.59705 0 0 0 0 0 0 1522
6.97 40.2955 -1.8273 -0.5651 0 0 0 0 0 0 1523
6.6215 38.5121 -1.5407 -0.84005 0 0 0 0 0 0 1524
7.3041 41.9263 -0.71948 -1.3645 0 0 0 0 0 0 1525
6.9237 41.853 0.23424 -0.80926 0 0 0 0 0 0 1526
6.9686 41.3661 3.1646 -1.1064 0 0 0 0 0 0 1527
7.6295 41.7878 -0.28429 -0.54407 0 0 0 0 0 0 1528
7.3193 41.7479 2.3531 -1.577 0 0 0 0 0 0 1529
6.473 41.8578 1.4621 -0.55983 0 0 0 0 0 0 1530
7.0328 41.6091 1.2545 -0.84348 0 0 0 0 0 0 1531
7.0312 41.6164 0.63214 -0.5843 0 0 0 0 0 0 1532
7.3135 41.8716 -0.52455 -1.2143 0 0 0 0 0 0 1533
7.4691 41.644 1.985 -0.94639 0 0 0 0 0 0 1534
6.7751 41.5212 -0.51607 -0.9706 0 0 0 0 0 0 1535
7.1711 41.5817 -0.92067 -0.56049 0 0 0 0 0 0 1536
7.5627 41.7976 0.02204 -1.0713 0 0 0 0 0 0 1537
7.378 41.7899 0.60811 -0.94061 0 0 0 0 0 0 1538
7.253 41.6667 -0.84044 -1.9343 0 0 0 0 0 0 1539
7.3848 41.4105 2.0705 -0.74254 0 0 0 0 0 0 1540
7.2196 41.3298 0.77019 -1.0467 0 0 0 0 0 0 1541
7.1036 41.5907 1.9643 -1.0577 0 0 0 0 0 0 1542
6.7967 41.5187 -0.96402 -0.70788 0 0 0 0 0 0 1543
7.2669 41.5924 -1.03 -0.90359 0 0 0 0 0 0 1544
7.47 41.5199 -0.62927 -0.53764 0 0 0 0 0 0 1545
7.2837 41.8573 1.5355 -1.4005 0 0 0 0 0 0 1546
7.6495 41.7526 2.4824 -1.3784 0 0 0 0 0 0 1547
6.9723 42.1016 0.96687 -0.52082 0 0 0 0 0 0 1548
6.6482 41.2697 0.70983 -0.05358 0 0 0 0 0 0 1549
7.2936 41.6001 1.9763 -0.82222 0 0 0 0 0 0 1550
7.3893 41.5446 1.9442 -1.5988 0 0 0 0 0 0 1551
7.3511 41.4499 1.6266 -1.0426 0 0 0 0 0 0 1552
7.5175 41.6648 -1.6275 -1.0918 0 0 0 0 0 0 1553
7.0605 41.4725 0.55116 -0.99409 0 0 0 0 0 0 1554
6.0442 41.4256 2.1029 -1.2639 0 0 0 0 0 0 1555
6.8309 41.5873 0.093831 -1.0032 0 0 0 0 0 0 1556
7.4008 41.8789 1.3595 -0.89662 0 0 0 0 0 0 1557
6.6457 41.6082 1.958 -0.61194 0 0 0 0 0 0 1558
6.7146 42.0852 0.76517 -1.1267 0 0 0 0 0 0 1559
6.6815 41.7232 -2.3371 -1.0846 0 0 0 0 0 0 1560
6.846 41.3608 2.0156 -1.1402 0 0 0 0 0 0 1561
7.2805 41.1286 1.704 -1.2327 0 0 0 0 0 0 1562
7.3219 42.0051 -0.70246 -0.194 0 0 0 0 0 0 1563
8.2109 41.6866 1.4549 -0.93811 0 0 0 0 0 0 1564
7.2284 41.7423 0.27749 -0.83897 0 0 0 0 0 0 1565
7.6611 41.6377 0.85481 -0.86773 0 0 0 0 0 0 1566
6.8982 41.5465 0.71108 -0.60282 0 0 0 0 0 0 1567
6.5516 41.7387 1.4187 -1.3144 0 0 0 0 0 0 1568
7.1551 41.8248 -1.8784 -1.1856 0 0 0 0 0 0 1569
6.9189 41.5517 -0.36361 -0.38896 0 0 0 0 0 0 1570
7.4067 41.4613 -1.7507 -0.32779 0 0 0 0 0 0 1571
7.3827 41.5753 1.5995 -1.1301 0 0 0 0 0 0 1572
6.8886 41.775 -0.90831 -1.4002 0 0 0 0 0 0 1573
6.8782 41.6392 0.38295 -1.3114 0 0 0 0 0 0 1574
6.6237 41.4679 0.95069 -0.7126 0 0 0 0 0 0 1575
7.2757 41.7627 -0.089273 -1.1504 0 0 0 0 0 0 1576
6.2482 41.6892 1.6765 -0.92056 0 0 0 0 0 0 1577
6.9375 41.5433 1.0922 -1.4046 0 0 0 0 0 0 1578
6.9768 42.2006 -0.86081 -0.92677 0 0 0 0 0 0 1579
7.0065 41.3213 1.1086 -0.96837 0 0 0 0 0 0 1580
6.8086 42.0508 -0.53514 -0.82302 0 0 0 0 0 0 1581
7.1324 41.7675 0.44037 -1.0798 0 0 0 0 0 0 1582
7.0406 41.3623 1.183 -1.0926 0 0 0 0 0 0 1583
7.1417 41.3518 0.60997 -1.1703 0 0 0 0 0 0 1584
7.1887 41.6519 1.7382 -0.81935 0 0 0 0 0 0 1585
6.7541 42.1962 0.6412 -1.2232 0 0 0 0 0 0 1586
6.5197 41.6001 1.2388 -1.1343 0 0 0 0 0 0 1587
7.2323 41.6768 -1.5719 -0.58292 0 0 0 0 0 0 1588
6.912 41.6269 -0.9185 -1.2307 0 0 0 0 0 0 1589
6.9051 41.6946 1.2447 -0.99846 0 0 0 0 0 0 1590
7.2778 41.5084 0.64074 -0.82384 0 0 0 0 0 0 1591
7.2993 41.9039 -0.89401 -1.4332 0 0 0 0 0 0 1592
7.0994 41.6105 1.575 -0.82784 0 0 0 0 0 0 1593
7.1648 42.1552 0.14332 -1.2241 0 0 0 0 0 0 1594
7.582 41.8123 1.7848 -0.92649 0 0 0 0 0 0 1595
6.9919 41.463 1.4633 -0.81676 0 0 0 0 0 0 1596
6.8769 41.6668 0.86253 -1.5713 0 0 0 0 0 0 1597
6.2972 41.4361 2.298 -1.1268 0 0 0 0 0 0 1598
7.4955 41.6742 0.30788 -1.0711 0 0 0 0 0 0 1599
7.3414 41.5648 2.8404 -0.39985 0 0 0 0 0 0 1600
7.5289 41.8263 -1.4187 -0.70765 0 0 0 0 0 0 1601
7.1138 42.1787 -0.7044 -0.28503 0 0 0 0 0 0 1602
6.8843 41.2322 1.4159 -1.2173 0 0 0 0 0 0 1603
7.3129 41.9499 2.3578 -1.1495 0 0 0 0 0 0 1604
7.3577 42.1236 -0.80288 -1.3551 0 0 0 0 0 0 1605
6.7003 41.6063 1.6342 -0.43446 0 0 0 0 0 0 1606
7.1806 41.6416 1.6575 -0.23953 0 0 0 0 0 0 1607
6.891 42.0974 2.5712 -0.94308 0 0 0 0 0 0 1608
6.7984 41.6805 2.3799 -0.16483 0 0 0 0 0 0 1609
7.269 41.6374 2.4494 1.969 0 0 0 0 0 0 1610
6.2907 41.1955 3.238 2.6476 0 0 0 0 0 0 1611
5.6313 41.6192 2.4992 5.1787 0 0 0 0 0 0 1612
6.7326 41.8535 3.1348 6.254 0 0 0 0 0 0 1613
6.8876 41.5419 2.8332 3.1475 0 0 0 0 0 0 1614
7.6294 42.4296 2.8134 4.6122 0 0 0 0 0 0 1615
7.3763 41.6764 1.6246 -1.3714 0 0 0 0 0 0 1616
6.3692 41.9273 2.9519 4.447 0 0 0 0 0 0 1617
7.6459 41.6932 2.449 1.6104 0 0 0 0 0 0 1618
8.4086 42.1495 2.4993 4.9175 0 0 0 0 0 0 1619
6.6647 41.8772 2.5408 3.9952 0 0 0 0 0 0 1620
8.5787 41.9482 3.0149 -0.78506 0 0 0 0 0 0 1621
7.6467 41.0041 2.7628 1.6232 0 0 0 0 0 0 1622
6.5851 41.7303 2.3863 3.6313 0 0 0 0 0 0 1623
6.175 41.1016 2.7793 6.009 0 0 0 0 0 0 1624
7.8881 41.2798 3.2433 1.602 0 0 0 0 0 0 1625
7.2699 41.5626 2.7674 2.9028 0 0 0 0 0 0 1626
6.6473 41.7566 2.1893 4.2775 0 0 0 0 0 0 1627
7.861 41.2862 2.4495 1.3206 0 0 0 0 0 0 1628
7.1597 40.8562 2.7013 1.7417 0 0 0 0 0 0 1629
6.7406 41.6572 1.9813 1.6658 0 0 0 0 0 0 1630
6.9628 41.8652 2.7311 1.5572 0 0 0 0 0 0 1631
8.2029 42.2685 3.0723 0.15147 0 0 0 0 0 0 1632
6.8604 41.0708 2.348 0.13916 0 0 0 0 0 0 1633
7.9008 42.2942 2.3863 2.2791 0 0 0 0 0 0 1634
6.5543 41.8606 2.6115 0.71898 0 0 0 0 0 0 1635
8.018 41.6651 2.8848 1.9516 0 0 0 0 0 0 1636
7.4223 41.0753 2.4126 4.6938 0 0 0 0 0 0 1637
8.5211 41.697 2.7625 2.6212 0 0 0 0 0 0 1638
8.4907 41.9794 2.9632 4.1768 0 0 0 0 0 0 1639
5.8771 41.3965 2.488 0.12393 0 0 0 0 0 0 1640
7.5512 41.1453 2.6061 2.5963 0 0 0 0 0 0 1641
6.2908 42.5082 3.4759 3.0551 0 0 0 0 0 0 1642
6.1417 41.5589 3.9472 4.3116 0 0 0 0 0 0 1643
5.5802 41.8789 2.7197 0.041709 0 0 0 0 0 0 1644
6.2502 41.3529 2.5776 4.7857 0 0 0 0 0 0 1645
6.5382 41.1816 2.8056 3.0579 0 0 0 0 0 0 1646
7.3973 40.8932 2.9287 -0.26233 0 0 0 0 0 0 1647
6.773 41.5043 1.432 1.7433 0 0 0 0 0 0 1648
6.9336 42.1383 1.8966 3.8384 0 0 0 0 0 0 1649
7.983 41.4088 2.8255 2.3675 0 0 0 0 0 0 1650
5.5284 41.1286 2.2711 5.6255 0 0 0 0 0 0 1651
6.6538 41.8456 2.9396 4.2524 0 0 0 0 0 0 1652
5.7643 41.9195 2.2715 6.0112 0 0 0 0 0 0 1653
5.8607 42.1435 3.0278 5.3288 0 0 0 0 0 0 1654
7.0993 41.3635 2.958 -0.91945 0 0 0 0 0 0 1655
6.7527 41.5539 2.6445 -0.17856 0 0 0 0 0 0 1656
6.3692 41.9493 2.8622 3.1913 0 0 0 0 0 0 1657
8.2442 41.7009 3.7504 -0.53164 0 0 0 0 0 0 1658
7.5354 42.3574 2.9568 3.3269 0 0 0 0 0 0 1659
8.4107 42.7913 2.3783 3.946 0 0 0 0 0 0 1660
7.1201 42.0374 2.2715 3.9251 0 0 0 0 0 0 1661
7.6411 41.103 3.3755 5.5876 0 0 0 0 0 0 1662
6.9052 41.0777 2.8248 1.2091 0 0 0 0 0 0 1663
6.291 42.1523 3.0762 -0.70835 0 0 0 0 0 0 1664
7.3069 41.8583 1.864 -0.90288 0 0 0 0 0 0 1665
7.6776 41.6997 3.3482 4.3491 0 0 0 0 0 0 1666
7.3967 41.3828 3.1762 2.7192 0 0 0 0 0 0 1667
6.4694 41.6264 3.0332 1.6707 0 0 0 0 0 0 1668
6.3561 42.0897 2.5692 4.9656 0 0 0 0 0 0 1669
6.4176 40.7265 2.6844 2.3383 0 0 0 0 0 0 1670
7.3831 40.3361 2.1638 5.7801 0 0 0 0 0 0 1671
7.2083 41.6457 2.8977 6.3501 0 0 0 0 0 0 1672
7.4539 42.5538 1.5499 2.9999 0 0 0 0 0 0 1673
6.9423 40.8492 2.8963 4.4473 0 0 0 0 0 0 1674
7.3386 41.5207 3.0543 5.9776 0 0 0 0 0 0 1675
6.8417 41.536 2.4884 3.3283 0 0 0 0 0 0 1676
8.2203 42.0397 3.3417 0.15828 0 0 0 0 0 0 1677
6.2874 41.8135 2.4732 1.4088 0 0 0 0 0 0 1678
7.1086 41.09 3.4397 4.8477 0 0 0 0 0 0 1679
6.7909 42.3323 3.2237 4.5953 0 0 0 0 0 0 1680
6.3201 41.4618 2.468 -0.36063 0 0 0 0 0 0 1681
6.6132 41.3126 3.0126 3.906 0 0 0 0 0 0 1682
9.164 40.9923 3.2628 7.0723 0 0 0 0 0 0 1683
8.0665 41.2673 2.7998 3.1683 0 0 0 0 0 0 1684
6.9183 42.0046 2.7083 6.9938 0 0 0 0 0 0 1685
6.5626 42.6857 3.0694 0.8993 0 0 0 0 0 0 1686
6.051 42.3435 2.395 1.6935 0 0 0 0 0 0 1687
7.0658 41.4754 2.7534 2.8267 0 0 0 0 0 0 1688
6.7907 41.9125 2.2999 3.311 0 0 0 0 0 0 1689
8.2221 41.5914 3.0469 3.0361 0 0 0 0 0 0 1690
7.3705 41.8589 3.2865 3.7419 0 0 0 0 0 0 1691
7.4662 41.6392 2.9917 1.1463 0 0 0 0 0 0 1692
7.9527 41.7538 1.8778 2.8185 0 0 0 0 0 0 1693
5.2918 41.4384 3.2181 2.9349 0 0 0 0 0 0 1694
7.2289 41.5218 2.2781 2.3498 0 0 0 0 0 0 1695
