# Hepta Dataset, http://www.uni-marburg.de/fb12/datenbionik/data?language_sync=1
$TYPE vec
$XDIM 212
$YDIM 1
$VEC_DIM 3
-0.063274 0.027734 0.022683 1
-7.31E-4 0.048211 0.069198 2
-0.060767 -0.00908 0.053085 3
0.013252 -0.011876 0.055324 4
-0.054508 -0.003813 0.001738 5
0.02418 0.068275 0.033462 6
-0.029308 0.059849 -0.06326 7
-0.016453 0.013881 -0.013236 8
-0.042361 -0.059942 -0.026487 9
-0.01631 -0.036612 0.047928 10
0.03536 -0.04495 0.041474 11
-2.87E-4 -0.049496 -0.06343 12
-0.065931 -0.005381 -0.064899 13
0.009049 0.027976 0.01198 14
-0.005335 0.062592 -0.057507 15
-0.004175 0.064646 0.040856 16
0.091024 -0.031446 -0.014774 17
-0.077068 -0.035324 -0.03906 18
0.05515 -0.007045 0.078495 19
-0.033779 0.049066 0.026958 20
0.044954 -0.033716 0.011894 21
0.008785 0.016895 -0.09079 22
-0.061655 -0.023085 0.007996 23
-0.051274 0.054634 0.032257 24
0.04421 -0.062217 -0.018733 25
-0.003343 0.069586 0.069452 26
-0.064487 0.012217 0.040873 27
0.042168 -0.009972 0.047962 28
-0.061495 0.059835 0.025843 29
0.071795 -0.01526 -0.023346 30
0.058733 -0.029135 -0.011721 31
0.078178 -0.014786 -3.2E-4 32
2.418463 0.490127 0.033581 33
2.805184 0.769746 -0.557435 34
2.983722 -0.983118 -0.165216 35
3.055291 -0.477796 0.370524 36
3.015527 -0.666039 0.126169 37
2.449981 0.175666 -0.531892 38
3.199806 0.201051 0.58676 39
3.266405 0.012518 -0.761892 40
3.74771 -0.41696 0.148884 41
3.411849 0.516665 -0.702665 42
3.733854 0.184758 0.482416 43
3.59214 -0.371411 -0.673235 44
3.59351 0.125884 0.277346 45
2.387269 0.784515 -0.011033 46
3.423791 -0.039296 0.066654 47
2.425059 -0.206822 -0.263965 48
2.407337 -0.015134 0.097093 49
2.923991 -0.262388 -0.672982 50
3.188203 -0.476377 0.051427 51
2.377023 0.498033 -0.382225 52
2.610067 0.787375 0.046041 53
2.918826 -0.8296 -0.198249 54
2.932853 0.719728 -0.347704 55
3.47194 0.322667 0.25302 56
3.266172 0.207763 0.078446 57
2.916963 -0.636281 -0.459655 58
3.020822 -0.491739 0.382338 59
2.844004 -0.078753 -0.660588 60
2.826876 -0.241459 -0.143806 61
2.771511 0.362751 -0.669945 62
-2.69712 0.342837 0.296855 63
-2.57583 -0.752408 -0.225828 64
-3.308062 0.919403 -0.091698 65
-3.970394 -0.017968 0.097194 66
-3.332026 -0.22133 -0.410873 67
-2.679173 0.521163 0.033068 68
-2.186732 -0.536953 -0.08933 69
-3.013009 -0.082401 -0.750346 70
-3.464085 0.458797 -0.745681 71
-2.632916 0.683901 -0.153258 72
-3.315788 0.017903 0.703027 73
-2.833584 -0.684569 0.298511 74
-2.722148 -0.502344 0.245003 75
-2.608905 0.443179 0.447541 76
-2.853364 -0.788934 -0.276868 77
-2.809655 -0.092462 0.719525 78
-3.538035 0.777137 0.091226 79
-2.457811 -0.601538 0.548791 80
-2.762541 -0.540911 0.251193 81
-2.929594 -0.162338 0.427959 82
-3.054864 -0.220749 0.858853 83
-3.632051 -0.045369 0.497112 84
-3.595796 -0.25031 -0.26069 85
-2.285053 0.111547 0.652847 86
-2.664311 -0.035719 0.357768 87
-3.163578 0.286805 -0.843201 88
-2.599157 0.438496 0.094013 89
-3.381994 0.308228 -0.689706 90
-3.961031 -0.111044 0.022821 91
-2.827045 -0.074139 0.54136 92
0.498135 2.895371 0.786843 93
0.218436 3.067538 0.030236 94
0.135451 2.12925 0.320246 95
0.420118 3.055572 0.230617 96
0.659865 3.446317 -0.101455 97
0.619487 3.285343 0.278274 98
-0.294208 3.296888 -0.174357 99
-0.362217 2.657112 0.01996 100
-0.561919 3.334167 0.068536 101
0.186843 3.706688 -0.259004 102
0.450086 2.844335 0.073905 103
-0.047549 3.634562 0.613045 104
0.432449 3.774495 0.096256 105
0.444504 3.491508 -0.745843 106
-0.116409 2.618886 0.576378 107
-0.601582 3.548497 0.101766 108
0.268449 3.662073 -0.103739 109
-0.007967 2.91813 0.390422 110
-0.811876 2.976918 -0.40471 111
-0.003684 2.460306 0.323449 112
0.27221 2.287469 -0.243128 113
-0.003839 3.107724 -0.876719 114
0.175357 3.715249 0.344842 115
-0.350178 2.515348 0.695052 116
0.016665 2.986915 -0.265349 117
0.394178 2.772903 0.583035 118
0.715985 3.467443 -0.171137 119
0.28994 2.60696 0.767379 120
0.854454 2.895231 -0.335877 121
0.308424 3.293211 -0.383773 122
-0.154151 -2.382802 -0.552876 123
0.042376 -3.013402 0.26318 124
0.76406 -2.974825 0.304909 125
0.273431 -3.549045 0.602433 126
0.109072 -2.872739 -0.972276 127
-0.609027 -2.316553 0.05604 128
0.563714 -2.668933 0.272222 129
0.053112 -3.69483 -0.446254 130
0.374246 -3.881493 -0.178669 131
-0.25541 -2.573785 -0.369218 132
-0.05833 -3.539877 0.156878 133
0.436804 -2.849058 -0.705822 134
-0.185927 -2.83419 -0.871306 135
-0.15729 -3.035242 -0.447355 136
-0.253287 -2.355499 0.53801 137
0.856338 -2.928918 -0.105247 138
-0.448767 -2.892567 0.036684 139
-0.763126 -3.121529 0.012815 140
0.50729 -3.69845 -0.126832 141
-0.262387 -2.7936 0.893868 142
0.638189 -2.885896 -0.535134 143
-0.715655 -3.174318 -0.415442 144
-0.148243 -2.348742 -0.198939 145
-0.436461 -3.189614 -0.874082 146
-0.015747 -3.601469 0.678772 147
-0.380327 -2.120669 -0.201018 148
-0.078679 -2.969195 -0.085163 149
0.725907 -2.642703 -0.392598 150
-0.118512 -2.391662 -0.116857 151
0.378156 -3.742474 0.42604 152
-0.646687 -0.257803 2.879026 153
0.862612 -0.257097 3.339622 154
0.58395 0.25262 3.164447 155
-0.106313 0.539686 3.36243 156
-0.447773 -0.165269 2.395462 157
0.278688 -0.67851 3.019065 158
-0.499959 -0.102398 2.918835 159
0.628733 -0.136098 2.961669 160
-0.550777 0.820583 2.888145 161
0.280057 -0.332023 2.280202 162
-0.68149 -0.388565 2.852309 163
-0.150402 0.774676 3.236697 164
-0.175775 0.816718 2.810907 165
0.40849 -0.752991 2.708342 166
-0.687687 0.5331 2.864252 167
0.187892 0.099277 3.3971 168
0.40274 0.309218 2.184721 169
-0.333692 0.726125 2.755337 170
-0.073884 0.856673 3.449364 171
0.074276 -0.44986 2.289555 172
-0.234023 0.508787 2.627695 173
0.33853 -0.722352 2.402052 174
0.777033 0.217745 2.671151 175
0.093523 0.595698 3.532532 176
0.215945 -0.323846 2.195408 177
-0.031152 0.385966 3.106696 178
0.26075 0.391448 2.176698 179
-0.542543 0.386463 2.917456 180
-0.306005 -0.915958 2.884296 181
-0.114414 0.026251 3.899389 182
-0.749873 0.616942 -2.862605 183
-0.108157 -0.083104 -3.909294 184
-0.410898 0.467216 -3.64399 185
0.662499 -0.378195 -2.900845 186
-0.057589 0.548771 -3.072026 187
0.64518 -0.276585 -2.877792 188
0.257191 0.114881 -2.929682 189
-0.169119 0.400328 -2.853299 190
0.228327 -0.513736 -3.600658 191
-0.512238 0.372109 -3.357134 192
-0.510091 -0.617806 -3.543896 193
-0.001328 0.275274 -2.367165 194
-0.086874 0.138084 -3.152736 195
-0.558094 -0.138533 -2.731829 196
0.640575 -0.52869 -2.882579 197
0.033866 0.301424 -2.949164 198
-0.530334 0.571733 -3.122279 199
0.488731 0.68226 -3.026392 200
-0.320178 -0.530404 -2.430535 201
0.143306 0.578726 -3.657507 202
-0.36578 -0.491918 -2.483666 203
0.660425 -0.259537 -3.671958 204
0.647696 0.44422 -2.807808 205
-0.110876 0.163359 -3.038903 206
-0.694187 0.258777 -2.411717 207
0.175738 -0.053478 -2.733752 208
0.396046 -0.858377 -3.126866 209
-0.406362 -0.334541 -2.885598 210
-0.299275 0.071281 -3.642585 211
-0.506192 0.433538 -2.608597 212
